2;6;10;8;3;5;2016-04-28 17:18:32 
2;6;10;8;10;9;2016-04-28 17:18:54 
8;10;6;2;9;10;2016-04-28 17:19:03 
3;2;1;8;7;10;2016-04-28 17:19:31 
6;1;7;3;10;2;2016-04-28 17:24:23 
2;1;7;6;10;4;2016-04-28 17:25:06 
8;4;3;2;2;10;2016-04-28 17:25:27 
3;2;8;4;7;10;2016-04-28 17:25:45 
6;1;2;8;4;10;2016-04-28 17:26:11 
2;3;6;4;10;9;2016-04-28 17:26:34 
4;6;1;2;10;8;2016-04-28 17:27:45 
4;6;2;1;6;10;2016-04-28 17:28:01 
1;2;4;6;10;9;2016-04-28 17:28:20 
1;8;2;4;3;10;2016-04-28 17:58:51 
4;8;1;2;6;10;2016-04-28 18:04:29 
1;4;8;2;2;10;2016-04-28 18:28:33 
2;8;4;3;10;4;2016-04-28 19:31:11 
4;8;3;2;10;8;2016-04-28 19:39:33 
5;2;1;3;10;3;2016-04-29 16:05:42 
2;1;3;5;10;5;2016-04-29 16:11:32 
3;2;1;8;9;10;2016-04-29 16:21:55 
6;1;2;11;1;3;2016-05-05 10:07:24 
1;4;2;6;1;5;2016-05-04 12:57:19 
8;6;2;1;10;5;2016-05-04 13:15:13 
2;9;1;6;10;2;2016-05-04 13:25:09 
8;1;4;2;2;10;2016-05-05 10:48:22 
1;2;8;4;7;10;2016-05-05 10:56:18 
4;9;8;2;4;10;2016-05-05 11:03:58 
6;10;2;1;10;3;2016-05-05 11:30:18 
3;8;4;1;8;10;2016-05-05 13:44:03 
3;8;9;1;7;10;2016-05-05 13:50:08 
2;9;3;4;10;4;2016-05-05 13:57:14 
9;3;1;2;3;10;2016-05-05 14:04:21 
9;1;3;10;9;10;2016-05-05 15:41:48 
3;1;9;10;1;10;2016-05-05 15:50:51 
1;8;3;4;10;9;2016-05-05 17:19:14 
3;8;4;1;10;8;2016-05-05 17:27:16 
3;1;8;4;8;10;2016-05-05 17:35:27 
3;4;1;10;10;8;2016-05-05 18:19:22 
3;1;10;8;5;10;2016-05-05 18:28:17 
3;8;4;10;10;9;2016-05-05 18:38:25 
10;7;8;5;10;1;2016-05-06 08:36:52 
5;10;8;7;2;10;2016-05-06 08:44:06 
3;10;8;1;8;10;2016-05-06 09:59:57 
8;3;10;1;10;8;2016-05-06 10:11:53 
1;7;10;3;10;6;2016-05-06 10:20:37 
7;3;10;2;3;10;2016-05-06 10:26:34 
6;4;2;1;5;1;2016-05-06 12:03:05 
2;4;1;6;5;2;2016-05-06 12:08:17 
8;3;9;6;1;10;2016-05-06 12:29:50 
8;3;6;9;8;10;2016-05-06 12:43:45 
1;9;4;3;7;10;2016-05-06 13:33:02 
1;8;2;7;4;10;2016-05-06 15:47:15 
2;8;3;1;10;4;2016-05-06 16:00:13 
2;10;8;4;10;6;2016-05-06 16:22:39 
2;10;4;8;7;10;2016-05-06 16:31:09 
2;8;4;3;10;2;2016-05-06 18:07:43 
2;3;8;4;5;10;2016-05-06 18:14:59 
8;3;4;2;3;10;2016-05-06 18:20:34 
10;5;8;3;10;8;2016-05-09 12:05:00 
10;5;3;8;8;10;2016-05-09 14:13:17 
6;3;8;10;6;10;2016-05-09 16:11:28 
8;10;6;3;10;7;2016-05-09 16:25:11 
3;8;10;6;10;6;2016-05-09 16:32:54 
10;1;3;7;8;10;2016-05-10 10:16:51 
10;1;7;3;10;1;2016-05-10 10:23:48 
10;7;1;3;10;8;2016-05-10 10:32:04 
6;8;1;3;10;2;2016-05-10 13:44:28 
8;3;1;6;10;7;2016-05-10 13:56:59 
3;9;6;10;3;10;2016-05-10 14:10:32 
3;6;9;10;6;10;2016-05-10 14:16:51 
1;6;3;5;10;4;2016-05-10 16:18:37 
6;1;9;3;10;4;2016-05-10 16:30:44 
10;9;8;3;9;10;2016-05-10 18:14:26 
3;9;8;10;5;10;2016-05-10 18:21:32 
3;8;9;10;7;10;2016-05-10 18:28:37 
3;4;7;10;6;10;2016-05-11 09:17:09 
3;4;7;1;10;5;2016-05-11 09:23:33 
7;1;4;3;10;6;2016-05-11 09:29:51 
3;8;4;7;10;8;2016-05-11 11:52:34 
3;4;8;7;10;5;2016-05-11 12:02:45 
2;8;4;1;10;3;2016-05-11 13:29:57 
6;8;1;2;10;8;2016-05-11 13:37:56 
3;4;6;1;3;10;2016-05-11 13:45:43 
3;9;10;8;4;10;2016-05-11 14:07:57
6;3;1;4;10;7;2016-05-11 15:54:30 
6;4;1;2;10;9;2016-05-11 16:03:07 
1;2;4;8;10;8;2016-05-11 16:15:59 
2;3;8;4;8;10;2016-05-11 17:50:21 
8;4;3;2;5;10;2016-05-11 17:56:41 
9;11;2;3;6;10;2016-05-11 18:32:04 
11;2;3;9;10;8;2016-05-11 18:38:03 
2;3;4;9;10;2;2016-05-11 18:44:40 
9;11;4;3;6;10;2016-05-11 18:52:56 
2;9;11;3;10;5;2016-05-11 19:02:22 
4;3;9;2;2;10;2016-05-11 19:07:15 
8;10;7;1;10;5;2016-05-12 10:57:32 
8;7;10;1;7;10;2016-05-12 11:05:29 
1;4;8;2;0;10;2016-05-12 12:08:02 
8;1;4;2;2;10;2016-05-12 12:12:04 
8;4;2;1;9;10;2016-05-12 12:26:12 
12;8;3;11;10;9;2016-05-13 09:39:02 
2;3;4;8;10;6;2016-05-12 16:00:48 
2;8;3;4;10;8;2016-05-12 16:09:43 
3;2;1;10;10;4;2016-05-12 17:33:18 
4;10;2;1;6;10;2016-05-12 17:42:31 
10;4;2;1;8;10;2016-05-12 17:55:30 
4;10;2;1;5;10;2016-05-12 18:16:18 
10;1;4;2;4;10;2016-05-12 18:24:46 
7;10;9;3;10;8;2016-05-13 10:09:30 
3;10;7;9;10;9;2016-05-13 10:19:31 
6;7;2;8;6;10;2016-05-13 13:32:23 
1;3;6;2;1;10;2016-05-13 13:37:07 
1;6;3;2;8;10;2016-05-13 13:46:03 
6;3;9;1;7;10;2016-05-13 13:55:38 
3;2;4;1;7;10;2016-05-13 16:51:51 
1;2;4;3;10;8;2016-05-13 16:57:18 
2;4;1;3;10;6;2016-05-13 17:01:31 
2;3;4;1;10;4;2016-05-13 17:07:02 
3;4;2;1;7;10;2016-05-13 17:12:26 
1;6;9;10;10;9;2016-05-16 11:40:42 
1;10;8;2;10;8;2016-05-16 13:29:13 
8;10;2;1;10;7;2016-05-16 13:44:45 
8;6;2;10;8;10;2016-05-16 16:04:30 
1;10;6;8;10;7;2016-05-16 16:12:28 
2;6;1;10;10;3;2016-05-16 16:18:52 
6;1;10;2;10;8;2016-05-16 16:28:13 
2;1;6;8;8;10;2016-05-16 17:42:49 
2;8;6;1;10;2;2016-05-16 17:48:23 
6;2;8;1;9;10;2016-05-16 18:01:33 
9;3;1;2;2;10;2016-05-16 18:14:43 
9;2;1;3;10;5;2016-05-16 19:22:16 
6;3;2;1;5;10;2016-05-17 11:36:22 
2;6;1;3;10;1;2016-05-17 11:40:24 
6;1;2;3;7;10;2016-05-17 11:51:02 
8;9;2;1;6;10;2016-05-17 14:14:05 
2;1;6;3;10;7;2016-05-17 15:14:33 
2;1;6;8;8;10;2016-05-17 15:29:51 
1;3;8;4;7;10;2016-05-18 11:25:01 
8;3;4;1;1;10;2016-05-18 11:31:18 
4;1;7;3;10;7;2016-05-18 13:22:03 
4;3;1;7;10;2;2016-05-18 13:46:18 
7;1;9;3;10;6;2016-05-18 13:55:00 
7;3;4;1;6;10;2016-05-18 14:26:20 
7;1;3;4;3;10;2016-05-18 14:32:18 
7;2;1;4;6;10;2016-05-19 11:01:23 
2;1;4;7;10;8;2016-05-19 11:07:55 
2;4;7;1;10;4;2016-05-19 11:14:45 
1;4;7;3;10;5;2016-05-19 13:40:30 
4;1;3;7;10;8;2016-05-19 13:41:08 
7;1;3;4;10;6;2016-05-19 13:41:25 
8;4;1;3;10;3;2016-05-19 14:49:29 
4;3;8;1;2;10;2016-05-19 14:55:24 
1;4;3;8;8;10;2016-05-19 15:04:36 
7;1;3;8;9;10;2016-05-19 16:44:42 
3;1;7;8;5;10;2016-05-19 16:49:55 
1;3;5;7;10;9;2016-05-20 09:59:30 
1;7;2;3;0;10;2016-05-20 10:05:22 
3;9;1;8;6;10;2016-05-20 13:44:14 
4;3;9;1;4;10;2016-05-20 13:52:53 
9;3;1;4;6;10;2016-05-20 14:01:46 
8;4;2;1;7;10;2016-05-20 15:40:37 
2;1;8;4;8;10;2016-05-20 15:53:36 
2;1;8;4;6;10;2016-05-20 16:00:35 
8;4;9;2;9;10;2016-05-20 18:29:03 
2;4;8;9;10;5;2016-05-20 18:42:27 
2;9;8;4;6;10;2016-05-20 18:52:06 
6;1;8;3;7;10;2016-05-23 11:45:03 
9;1;6;7;7;10;2016-05-23 12:03:50 
1;9;6;7;10;4;2016-05-23 13:40:15 
6;3;9;1;9;10;2016-05-23 13:41:00 
2;10;6;1;10;7;2016-05-23 14:58:26 
2;10;6;1;10;8;2016-05-23 15:08:17 
9;8;10;3;10;6;2016-05-23 15:20:08 
9;3;10;8;2;10;2016-05-23 15:25:35 
9;10;3;8;10;9;2016-05-23 15:34:28 
2;1;8;3;10;3;2016-05-23 17:05:53 
2;1;8;3;10;6;2016-05-23 17:15:54 
8;3;9;1;10;5;2016-05-24 09:53:57 
3;1;8;9;7;10;2016-05-24 10:04:30 
7;1;3;9;10;8;2016-05-24 11:27:11 
1;7;2;3;9;10;2016-05-24 11:38:39 
8;2;6;1;10;8;2016-05-24 13:11:29 
8;1;9;3;10;9;2016-05-24 13:26:54 
5;6;1;2;4;10;2016-05-24 15:09:41 
6;1;2;5;6;10;2016-05-24 15:17:45 
1;2;8;3;10;4;2016-05-24 17:01:29 
3;2;1;8;10;9;2016-05-24 17:07:39 
2;1;3;8;10;8;2016-05-24 17:18:16 
7;3;1;4;10;8;2016-05-25 09:43:11 
7;1;3;4;7;10;2016-05-25 09:52:29 
7;4;3;1;8;10;2016-05-25 10:00:50 
8;4;2;1;10;6;2016-05-25 12:09:23 
2;4;8;1;10;9;2016-05-25 12:20:56 
2;1;4;7;10;8;2016-05-25 12:25:38 
1;3;2;7;1;10;2016-05-25 13:39:45 
6;1;3;2;10;8;2016-05-25 13:50:08 
7;1;6;3;10;9;2016-05-25 13:59:52 
6;3;7;1;10;5;2016-05-25 14:08:57 
1;11;3;8;8;10;2016-05-25 16:00:11 
8;11;3;1;7;10;2016-05-25 16:13:04 
5;7;3;1;7;10;2016-05-30 11:01:07 
7;5;3;1;6;10;2016-05-30 11:10:48 
1;8;7;3;9;10;2016-05-30 11:19:15 
7;3;8;1;9;10;2016-05-30 11:30:39 
8;3;4;1;9;10;2016-05-30 13:32:32 
4;3;1;8;6;10;2016-05-30 13:44:19 
3;9;1;4;10;7;2016-05-30 15:21:06 
9;3;4;2;3;10;2016-05-30 15:25:47 
2;1;8;4;10;6;2016-05-30 16:36:49 
4;2;8;1;10;8;2016-05-30 16:44:30 
2;3;4;8;10;7;2016-05-30 17:46:50 
4;8;3;2;10;9;2016-05-30 17:54:43 
8;3;2;11;8;10;2016-05-30 19:04:54 
7;9;3;5;10;3;2016-05-31 09:11:50 
7;3;5;9;10;9;2016-05-31 09:19:03 
9;3;1;7;10;8;2016-05-31 09:33:24 
1;5;7;3;5;10;2016-05-31 09:40:50 
1;7;5;3;10;8;2016-05-31 09:54:09 
3;8;1;7;10;5;2016-05-31 10:33:11 
5;8;3;7;10;8;2016-05-31 10:44:59 
2;3;6;7;5;10;2016-05-31 12:16:33 
3;2;6;7;10;7;2016-05-31 12:27:29 
3;2;6;9;10;7;2016-05-31 13:37:11 
3;8;6;2;8;10;2016-05-31 14:11:57 
3;2;6;8;10;2;2016-05-31 14:17:43 
6;2;8;3;10;5;2016-05-31 14:26:10 
3;8;6;2;10;8;2016-05-31 17:06:14 
6;8;2;3;8;10;2016-05-31 17:17:36 
3;8;6;2;8;10;2016-05-31 17:30:16 
6;8;3;2;10;3;2016-05-31 17:36:21 
8;9;3;4;10;8;2016-06-01 10:32:00 
6;9;1;3;10;3;2016-06-01 10:40:43 
4;3;6;1;7;10;2016-06-01 10:47:57 
6;3;7;1;9;10;2016-06-01 12:34:26 
7;9;3;1;9;10;2016-06-01 14:57:10 
4;7;3;8;10;9;2016-06-01 15:28:56 
7;4;8;3;4;10;2016-06-01 15:36:26 
7;8;4;3;10;3;2016-06-01 15:44:30 
3;8;4;1;10;4;2016-06-01 17:09:42 
3;8;4;1;10;7;2016-06-01 17:14:06 
8;4;1;3;10;2;2016-06-01 17:20:51 
4;15;11;1;6;10;2016-06-01 18:23:06 
4;9;15;3;10;5;2016-06-01 18:30:15 
1;15;11;3;10;4;2016-06-01 18:38:00 
8;3;11;6;10;8;2016-06-02 11:11:40 
6;4;3;8;8;10;2016-06-02 11:23:22 
6;7;12;1;10;3;2016-06-02 12:58:38 
7;12;6;1;7;10;2016-06-02 13:16:30 
6;12;1;7;8;10;2016-06-02 13:16:47 
8;3;4;1;10;8;2016-06-02 14:22:03 
16;8;11;3;8;10;2016-06-02 15:11:43 
11;9;3;1;6;10;2016-06-02 15:24:28 
8;1;4;3;10;6;2016-06-02 17:15:30 
8;1;4;3;10;7;2016-06-02 17:26:30 
3;7;1;8;3;10;2016-06-03 09:57:27 
8;7;3;1;10;7;2016-06-03 10:09:01 
1;7;3;8;7;10;2016-06-03 10:20:23 
6;1;9;2;3;10;2016-06-03 13:44:15 
2;9;6;1;10;2;2016-06-03 13:51:52 
6;2;9;1;10;7;2016-06-03 14:02:12 
2;7;8;4;10;9;2016-06-03 14:13:31 
4;2;6;8;10;5;2016-06-03 14:23:15 
6;1;4;7;10;7;2016-06-03 15:45:43 
7;1;6;8;5;10;2016-06-03 15:55:20 
8;1;4;3;10;4;2016-06-03 16:06:11 
8;1;4;3;10;7;2016-06-03 16:15:58 
7;1;8;3;1;10;2016-06-06 10:36:28 
5;7;3;1;9;10;2016-06-06 10:47:16 
6;3;7;1;10;9;2016-06-06 11:34:15 
7;3;6;9;10;3;2016-06-06 11:46:07 
6;7;9;3;10;3;2016-06-06 11:53:22 
3;8;6;7;10;7;2016-06-06 12:04:41 
6;3;8;7;10;7;2016-06-06 12:21:38 
3;8;6;1;9;10;2016-06-06 13:54:55 
6;3;8;1;10;4;2016-06-06 14:02:59 
8;1;3;9;10;8;2016-06-06 17:00:09 
6;1;8;3;8;10;2016-06-07 13:00:13 
3;1;6;9;10;4;2016-06-07 13:11:49 
9;1;6;3;10;6;2016-06-07 13:21:33 
6;8;3;10;10;7;2016-06-07 17:51:54 
6;10;8;3;10;4;2016-06-07 18:00:35 
3;10;6;8;7;10;2016-06-07 18:10:10 
8;10;6;3;8;10;2016-06-07 18:22:39 
12;4;3;1;6;10;2016-06-08 12:54:44 
4;1;3;12;10;0;2016-06-08 13:03:08 
4;3;12;1;10;5;2016-06-08 13:10:49 
1;3;4;12;10;9;2016-06-08 13:22:28 
9;1;3;4;5;10;2016-06-08 13:27:45 
9;1;3;4;7;10;2016-06-08 13:36:13 
9;1;4;3;7;10;2016-06-08 14:22:32 
3;4;10;1;10;6;2016-06-08 14:58:56 
4;10;1;3;10;6;2016-06-08 15:08:49 
10;3;4;1;9;10;2016-06-08 15:18:11 
3;1;4;10;8;10;2016-06-08 15:29:16 
9;4;3;7;9;10;2016-06-09 09:41:21 
9;1;3;7;10;4;2016-06-09 09:48:43 
7;1;4;3;5;10;2016-06-09 10:00:16 
7;3;4;1;9;10;2016-06-09 10:11:43 
2;9;4;1;10;1;2016-06-09 11:43:22 
9;2;4;1;10;9;2016-06-09 11:53:36 
1;3;9;4;2;10;2016-06-09 13:28:53 
9;7;1;3;10;6;2016-06-09 13:39:54 
4;12;3;7;6;10;2016-06-09 15:20:59 
3;7;12;4;5;10;2016-06-09 15:30:59 
11;9;1;4;1;5;2016-06-09 18:06:35 
9;1;15;7;10;3;2016-06-10 09:37:55 
1;9;7;15;10;8;2016-06-10 09:46:40 
1;6;9;15;8;10;2016-06-10 09:59:28 
6;1;15;4;10;4;2016-06-10 10:39:25 
4;15;1;6;10;7;2016-06-10 10:48:25 
9;1;4;3;10;7;2016-06-10 13:27:14 
4;3;9;1;9;10;2016-06-10 13:40:27 
4;1;15;3;10;5;2016-06-10 15:41:55 
1;3;15;4;7;10;2016-06-10 15:48:40 
15;3;8;9;1;10;2016-06-13 09:31:46 
8;15;3;9;10;9;2016-06-13 09:46:19 
14;1;3;8;3;10;2016-06-13 11:28:52 
6;9;8;1;9;10;2016-06-13 13:23:33 
8;3;9;1;10;3;2016-06-13 16:07:44 
9;3;1;8;5;10;2016-06-13 16:12:43 
9;8;1;3;4;10;2016-06-13 16:19:56 
1;3;12;8;10;9;2016-06-13 17:21:21 
1;3;12;8;10;9;2016-06-13 17:31:52 
10;7;3;8;7;10;2016-06-14 08:43:49 
8;9;7;10;10;5;2016-06-14 08:50:49 
7;9;10;3;9;10;2016-06-14 10:37:05 
10;7;9;3;7;10;2016-06-14 10:45:22 
3;7;10;9;10;9;2016-06-14 10:54:42 
6;15;7;1;10;8;2016-06-14 13:01:43 
15;1;6;7;7;10;2016-06-14 13:10:54 
9;1;6;7;10;2;2016-06-14 13:39:45 
10;3;11;8;10;8;2016-06-14 14:02:41 
3;1;6;8;5;10;2016-06-14 15:16:19 
6;3;10;1;10;5;2016-06-14 15:03:37 
10;3;6;1;7;10;2016-06-14 15:15:25 
11;7;10;4;6;10;2016-06-15 08:34:26 
3;8;7;4;10;9;2016-06-15 10:59:56 
6;1;2;18;10;6;2016-06-15 13:14:51 
8;2;6;1;10;5;2016-06-15 13:25:25 
2;1;6;4;7;10;2016-06-15 14:31:01 
4;2;6;8;8;10;2016-06-15 14:39:00 
2;4;6;8;7;10;2016-06-15 14:45:42 
15;4;6;1;3;10;2016-06-15 17:05:27 
6;1;15;4;10;4;2016-06-15 17:10:55 
4;15;1;6;9;10;2016-06-15 17:22:34 
1;6;4;15;6;10;2016-06-15 17:31:24 
15;1;6;4;8;10;2016-06-15 17:39:56 
6;1;15;4;10;5;2016-06-15 17:47:22 
6;4;8;15;10;7;2016-06-15 18:00:15 
4;8;6;15;10;6;2016-06-15 18:08:24 
8;7;4;3;9;10;2016-06-16 09:41:03 
3;4;7;8;4;10;2016-06-16 09:46:58 
4;9;1;10;10;9;2016-06-16 10:12:48 
1;9;4;10;5;10;2016-06-16 10:20:20 
7;3;10;1;10;8;2016-06-16 11:47:32 
10;3;8;7;7;10;2016-06-16 12:00:42 
8;7;4;3;10;5;2016-06-16 14:28:07 
11;8;3;10;5;4;2016-06-16 17:46:43 
1;7;8;10;3;5;2016-06-16 20:29:05 
11;7;8;3;1;5;2016-06-16 22:13:22 
8;1;10;3;5;10;2016-06-16 23:11:59 
3;8;1;10;9;10;2016-06-16 23:19:47 
7;8;3;1;10;3;2016-06-17 10:51:17 
3;1;2;7;5;10;2016-06-17 10:57:36 
2;3;7;1;10;5;2016-06-17 11:03:23 
9;2;4;8;10;6;2016-06-17 11:26:17 
9;2;6;1;7;10;2016-06-17 11:35:51 
2;9;6;1;10;5;2016-06-17 11:44:13 
2;9;6;1;10;7;2016-06-17 11:52:39 
4;7;3;1;10;8;2016-06-17 13:07:59 
4;1;7;3;9;10;2016-06-17 13:17:41 
7;8;3;4;10;8;2016-06-17 13:28:27 
4;9;6;7;4;10;2016-06-17 14:35:34 
7;4;6;9;9;10;2016-06-17 14:44:44 
12;10;4;8;2;10;2016-06-17 16:19:18 
10;8;4;12;10;7;2016-06-17 16:28:59 
8;12;10;4;8;10;2016-06-17 16:41:25 
4;7;10;8;5;10;2016-06-17 17:28:17 
4;7;10;8;10;8;2016-06-17 17:33:45 
11;9;10;15;4;10;2016-06-17 17:47:57 
9;11;10;15;7;10;2016-06-17 17:59:46 
4;4;10;10;9;10;2016-06-20 00:12:37 
9;7;3;10;8;10;2016-06-20 09:40:11 
10;3;8;9;1;10;2016-06-20 12:22:05 
8;9;10;3;10;7;2016-06-20 12:33:45 
3;9;7;8;10;7;2016-06-20 14:31:45 
7;8;3;9;3;10;2016-06-20 14:39:21 
8;3;9;7;10;8;2016-06-20 14:50:17 
10;3;8;11;10;8;2016-06-20 16:36:36 
10;10;8;8;7;10;2016-06-20 18:14:21 
10;10;8;8;10;7;2016-06-20 18:14:50 
8;8;10;10;10;6;2016-06-20 18:22:24 
8;10;7;5;10;2;2016-06-21 08:34:55 
8;7;5;10;10;1;2016-06-21 08:41:07 
8;5;7;10;6;10;2016-06-21 08:49:37 
3;5;7;10;4;10;2016-06-21 09:01:41 
6;7;8;3;10;8;2016-06-21 12:47:42 
3;8;7;6;10;3;2016-06-21 12:51:52 
10;7;3;8;7;10;2016-06-21 13:03:58 
3;10;6;8;8;10;2016-06-21 13:15:11 
6;3;8;10;6;10;2016-06-21 14:42:47 
8;8;9;9;10;4;2016-06-21 17:12:19 
9;9;8;8;2;10;2016-06-21 17:16:41 
10;10;8;8;10;3;2016-06-22 08:05:30 
3;4;7;8;8;10;2016-06-22 12:43:36 
8;3;6;9;3;10;2016-06-22 14:02:08 
22;15;1;6;2;10;2016-06-22 18:47:50 
6;15;2;20;10;5;2016-06-22 18:56:06 
21;16;2;19;8;10;2016-06-22 19:05:17 
1;22;9;6;1;10;2016-06-22 19:13:15 
15;16;8;22;3;10;2016-06-22 19:25:03 
4;21;12;2;7;10;2016-06-22 19:34:03 
6;22;21;1;10;4;2016-06-22 19:48:42 
10;19;6;7;10;9;2016-06-22 19:59:31 
22;11;21;16;10;4;2016-06-22 20:06:02 
15;1;2;4;10;7;2016-06-22 20:12:41 
21;3;22;11;10;8;2016-06-22 20:23:12 
20;16;13;12;6;10;2016-06-22 20:32:03 
5;15;4;11;5;10;2016-06-22 20:38:18 
2;10;6;8;10;9;2016-06-22 20:47:04 
9;1;3;5;10;9;2016-06-22 20:59:41 
4;1;6;7;6;10;2016-06-22 21:10:31 
7;15;4;1;9;10;2016-06-22 21:25:17 
6;19;11;3;10;6;2016-06-22 21:32:54 
6;19;11;3;10;6;2016-06-22 21:33:28 
2;1;6;8;7;10;2016-06-22 21:52:34 
22;11;5;21;7;10;2016-06-22 22:06:27 
7;13;3;20;8;10;2016-06-22 22:14:20 
4;22;8;3;7;10;2016-06-22 22:21:31 
22;3;4;8;0;10;2016-06-22 22:27:30 
2;8;9;4;10;7;2016-06-22 22:33:14 
4;3;22;8;10;6;2016-06-22 22:41:54 
4;3;6;11;5;10;2016-06-22 22:51:09 
2;8;3;4;10;2;2016-06-22 22:57:56 
6;22;2;21;9;10;2016-06-22 23:10:05 
2;9;8;4;9;10;2016-06-22 23:24:37 
2;8;3;4;10;9;2016-06-22 23:37:21 
4;9;7;3;10;7;2016-06-23 10:09:57 
3;4;7;9;10;6;2016-06-23 10:18:23 
3;9;4;7;10;5;2016-06-23 10:27:27 
3;4;8;7;10;8;2016-06-23 11:56:02 
7;8;4;10;10;5;2016-06-23 11:59:31 
8;4;10;3;10;7;2016-06-23 12:10:55 
3;8;7;10;7;10;2016-06-23 14:19:58 
8;4;10;7;8;10;2016-06-23 14:28:19 
3;4;7;8;10;6;2016-06-23 17:02:50 
3;8;4;7;10;9;2016-06-23 17:11:11 
8;4;7;3;8;10;2016-06-23 17:21:59 
8;4;3;7;10;6;2016-06-24 11:49:11 
4;8;3;9;10;6;2016-06-24 12:01:04 
10;3;4;7;10;7;2016-06-24 12:17:14 
6;3;10;16;10;1;2016-06-24 16:17:52 
10;3;8;16;10;2;2016-06-24 16:29:46 
3;8;6;10;10;9;2016-06-24 16:41:15 
10;7;8;5;9;10;2016-06-27 08:27:25 
7;10;8;22;10;4;2016-06-27 13:07:17 
8;10;7;22;10;1;2016-06-27 13:13:49 
10;22;8;7;3;10;2016-06-27 13:21:21 
22;10;15;6;10;6;2016-06-27 14:18:01 
10;15;6;22;10;7;2016-06-27 14:31:50 
10;6;9;8;2;10;2016-06-27 15:38:27 
9;10;6;8;5;10;2016-06-27 15:45:12 
9;6;10;8;3;10;2016-06-27 15:53:07 
5;7;22;10;3;10;2016-06-28 09:30:18 
7;22;5;10;6;10;2016-06-28 09:41:25 
10;8;7;3;9;10;2016-06-28 11:23:25 
8;3;10;7;10;8;2016-06-28 11:35:42 
9;8;6;10;10;5;2016-06-28 12:59:54 
10;8;6;3;8;10;2016-06-28 14:37:59 
3;10;6;8;6;10;2016-06-28 14:43:26 
6;10;8;3;10;9;2016-06-28 14:55:26 
6;10;3;8;10;6;2016-06-28 15:52:49 
22;3;5;7;6;10;2016-06-29 12:36:16 
7;1;2;3;7;10;2016-06-29 12:41:42 
3;9;2;7;5;10;2016-06-29 12:49:41 
2;1;8;10;10;8;2016-06-29 13:06:50 
8;10;1;2;10;6;2016-06-29 13:16:10 
10;8;1;2;10;7;2016-06-29 13:25:31 
3;10;8;22;5;10;2016-06-29 16:38:08 
9;5;7;3;2;10;2016-06-30 10:49:22 
7;3;22;8;10;6;2016-06-30 12:43:04 
8;22;3;7;10;8;2016-06-30 12:55:33 
10;3;8;11;10;4;2016-06-30 14:12:23 
11;8;3;10;9;10;2016-06-30 14:20:52 
3;4;8;10;8;10;2016-06-30 16:33:52 
10;8;7;3;10;3;2016-07-01 11:38:48 
10;3;8;7;6;10;2016-07-01 11:47:22 
3;8;7;10;10;6;2016-07-01 11:56:00 
10;8;3;4;10;6;2016-07-01 13:57:42 
10;3;4;8;9;10;2016-07-01 17:14:22 
3;8;4;10;10;6;2016-07-01 17:20:15 
10;3;4;8;8;10;2016-07-01 17:28:14 
4;3;8;10;5;10;2016-07-01 17:37:01 
9;10;8;3;5;10;2016-07-01 17:47:27 
4;12;14;10;10;5;2016-07-01 18:04:49 
12;10;14;4;10;9;2016-07-01 18:17:11 
3;6;9;7;6;10;2016-07-04 09:56:34 
6;3;7;9;8;10;2016-07-04 10:06:27 
15;8;3;7;8;10;2016-07-04 17:09:12 
7;3;8;15;10;8;2016-07-04 17:20:22 
7;6;8;3;7;10;2016-07-05 10:52:02 
6;3;7;8;5;10;2016-07-05 10:58:09 
8;7;6;3;10;3;2016-07-05 11:07:15 
6;21;7;23;10;6;2016-07-05 13:06:45 
6;21;23;7;3;10;2016-07-05 13:15:42 
6;23;21;7;10;7;2016-07-05 13:22:43 
12;10;8;5;4;10;2016-07-05 13:36:38 
10;5;8;12;8;10;2016-07-05 13:51:56 
3;11;21;8;10;6;2016-07-05 17:27:14 
8;21;3;11;5;10;2016-07-05 17:38:20 
8;11;3;21;10;4;2016-07-05 17:44:58 
21;10;5;7;10;3;2016-07-06 08:44:35 
10;21;5;7;10;8;2016-07-06 08:52:24 
23;7;6;3;8;10;2016-07-06 10:50:37 
6;23;3;7;10;9;2016-07-06 11:05:38 
8;11;10;9;9;10;2016-07-06 11:50:20 
10;6;9;8;2;10;2016-07-06 13:16:23 
8;10;6;9;6;10;2016-07-06 13:28:38 
23;3;6;7;8;10;2016-07-06 13:41:20 
3;7;6;23;10;7;2016-07-06 13:53:16 
6;23;3;7;10;6;2016-07-06 14:03:46 
3;21;24;8;10;6;2016-07-06 16:56:34 
8;24;3;21;10;3;2016-07-06 17:11:13 
7;5;24;10;10;6;2016-07-07 10:13:55 
8;9;10;16;10;7;2016-07-07 12:56:30 
24;7;10;23;5;10;2016-07-07 13:11:51 
23;10;24;7;10;4;2016-07-07 13:21:04 
7;23;3;6;7;10;2016-07-07 13:36:07 
6;3;23;7;10;5;2016-07-07 13:45:38 
3;21;8;9;0;10;2016-07-07 16:43:53 
9;3;21;8;9;10;2016-07-07 16:50:44 
6;7;23;3;10;2;2016-07-08 10:30:17 
6;3;23;7;10;4;2016-07-08 10:35:53 
6;23;3;7;9;10;2016-07-08 10:51:44 
6;3;8;7;10;2;2016-07-08 12:28:56 
6;8;3;7;10;7;2016-07-08 12:46:14 
6;7;8;3;1;10;2016-07-08 12:52:20 
3;9;8;6;2;10;2016-07-08 13:22:35 
9;8;3;6;10;4;2016-07-08 13:30:56 
9;6;8;3;3;10;2016-07-08 16:11:20 
6;3;9;8;8;10;2016-07-08 16:21:20 
6;9;3;8;10;8;2016-07-08 16:30:35 
3;21;6;7;7;10;2016-07-11 10:39:12 
7;21;6;3;2;10;2016-07-11 10:47:15 
7;3;6;21;8;10;2016-07-11 10:57:06 
15;15;6;22;6;10;2016-07-11 12:25:30 
7;22;6;15;4;10;2016-07-11 12:37:07 
10;9;8;3;5;10;2016-07-11 13:00:50 
3;10;6;9;9;10;2016-07-11 13:16:06 
8;23;3;6;10;4;2016-07-11 16:05:27 
8;3;6;23;10;9;2016-07-11 16:17:57 
7;6;8;23;5;10;2016-07-12 10:03:20 
23;8;6;7;10;4;2016-07-12 10:38:45 
6;23;7;8;10;8;2016-07-12 10:49:57 
23;3;6;7;4;10;2016-07-12 11:47:56 
7;3;23;6;10;4;2016-07-12 11:53:49 
7;3;6;23;10;6;2016-07-12 12:00:40 
23;8;6;3;10;4;2016-07-12 12:08:22 
15;21;7;10;3;10;2016-07-12 12:17:36 
10;15;7;21;10;5;2016-07-12 12:27:31 
3;8;9;6;10;3;2016-07-12 13:22:02 
9;15;6;10;6;10;2016-07-12 13:35:30 
8;3;6;15;10;5;2016-07-12 13:48:34 
3;6;8;23;7;10;2016-07-12 15:22:58 
10;3;23;8;7;10;2016-07-12 16:58:35 
23;8;3;10;10;7;2016-07-12 17:10:11 
23;3;6;7;7;10;2016-07-13 11:05:47 
6;3;23;7;8;10;2016-07-13 11:18:38 
3;7;6;23;10;9;2016-07-13 11:30:42 
6;10;8;9;10;6;2016-07-13 12:45:37 
22;13;9;11;7;10;2016-07-13 15:35:38 
9;13;22;11;10;4;2016-07-13 15:41:07 
4;8;6;21;10;4;2016-07-13 15:54:29 
4;6;21;8;10;9;2016-07-13 16:03:17 
21;8;4;6;9;10;2016-07-13 16:26:41 
21;6;3;7;5;10;2016-07-14 13:15:13 
7;3;6;21;8;10;2016-07-14 13:21:43 
3;11;6;5;7;10;2016-07-14 14:14:57 
8;9;10;3;10;9;2016-07-14 16:50:10 
3;8;9;10;10;3;2016-07-14 16:58:39 
10;3;4;8;9;10;2016-07-14 18:05:30 
4;8;10;3;6;10;2016-07-14 18:14:44 
9;3;21;10;10;8;2016-07-15 08:57:31 
3;10;9;21;10;4;2016-07-15 09:06:57 
11;23;5;10;7;10;2016-07-15 11:41:57 
3;6;11;7;10;7;2016-07-15 11:50:54 
4;8;7;3;10;5;2016-07-15 15:07:56 
8;4;3;7;10;7;2016-07-15 15:15:35 
3;9;7;8;6;10;2016-07-15 16:59:27 
7;3;10;9;10;5;2016-07-15 17:07:12 
10;7;3;9;10;2;2016-07-15 17:14:25 
10;8;7;3;10;8;2016-07-18 12:24:48 
6;23;10;8;10;9;2016-07-18 15:38:02 
8;16;10;12;9;10;2016-07-18 17:21:54 
8;21;7;10;6;10;2016-07-19 08:59:37 
3;6;7;23;7;10;2016-07-19 10:35:50 
23;6;3;7;10;8;2016-07-19 10:46:28 
9;8;6;3;10;8;2016-07-19 13:18:27 
7;3;6;21;8;10;2016-07-19 14:44:46 
10;16;9;11;5;10;2016-07-19 15:50:10 
10;11;9;21;10;0;2016-07-19 16:02:17 
24;13;11;16;2;10;2016-07-20 15:05:07 
3;1;10;9;7;10;2016-07-20 15:24:46 
8;1;23;3;8;10;2016-07-20 15:36:07 
21;23;3;8;5;10;2016-07-20 15:44:26 
23;3;8;21;6;10;2016-07-20 15:53:34 
10;21;6;7;1;10;2016-07-21 13:06:50 
7;8;3;10;10;8;2016-07-21 14:59:20 
8;7;10;3;10;5;2016-07-21 15:08:37 
23;6;8;21;10;8;2016-07-21 16:09:08 
23;8;3;6;10;7;2016-07-21 16:22:28 
24;9;21;8;2;10;2016-07-21 20:48:38 
21;9;8;24;7;10;2016-07-21 20:59:35 
6;10;11;8;10;5;2016-07-22 12:19:47 
6;11;8;10;6;10;2016-07-22 12:30:19 
23;10;6;21;10;3;2016-07-22 12:44:38 
9;10;6;21;10;4;2016-07-22 13:33:57 
10;9;21;6;10;1;2016-07-22 13:38:35 
24;10;23;6;3;10;2016-07-25 08:34:26 
25;23;24;6;10;8;2016-07-25 08:34:20 
6;24;25;23;10;6;2016-07-25 08:34:44 
11;5;9;22;6;10;2016-07-22 16:52:18 
11;22;9;5;5;10;2016-07-22 17:01:43 
15;10;9;7;8;10;2016-07-25 09:07:53 
9;15;7;10;4;10;2016-07-25 09:18:32 
3;21;10;9;4;10;2016-07-25 13:45:57 
3;10;21;6;10;5;2016-07-25 13:52:41 
10;24;3;6;10;9;2016-07-25 14:08:54 
3;7;21;6;10;5;2016-07-26 10:41:53 
6;21;7;3;10;3;2016-07-26 10:47:59 
6;3;7;21;10;6;2016-07-26 10:53:17 
11;3;10;24;10;3;2016-07-26 12:24:44 
10;11;3;24;10;6;2016-07-26 12:39:09 
23;7;6;3;10;8;2016-07-26 13:27:32 
6;23;3;7;10;5;2016-07-26 13:34:50 
21;23;10;3;7;10;2016-07-26 16:41:22 
23;10;3;21;10;5;2016-07-26 16:53:21 
9;4;24;8;10;4;2016-07-27 10:38:58 
4;9;8;24;10;7;2016-07-27 10:49:02 
6;4;7;9;10;8;2016-07-27 10:58:48 
6;21;23;7;1;10;2016-07-27 11:07:24 
6;7;21;23;10;6;2016-07-27 11:17:08 
6;3;4;9;10;8;2016-07-27 13:52:19 
25;11;9;22;5;10;2016-07-27 14:42:54 
11;25;9;22;2;10;2016-07-27 14:49:00 
3;8;6;4;8;10;2016-07-27 16:18:44 
3;8;6;4;10;6;2016-07-27 16:25:03 
6;3;8;21;9;10;2016-07-27 16:35:39 
15;11;10;25;7;10;2016-07-27 17:09:02 
11;25;15;10;6;10;2016-07-27 17:14:29 
6;7;9;4;10;8;2016-07-28 11:28:29 
6;9;4;7;10;5;2016-07-28 11:36:43 
10;6;15;7;10;7;2016-07-28 11:48:13 
15;6;7;10;5;10;2016-07-28 11:55:23 
9;4;21;6;10;5;2016-07-28 13:58:39 
10;9;4;21;10;3;2016-07-28 14:02:50 
11;21;24;10;10;9;2016-07-28 16:10:27 
11;21;10;24;8;10;2016-07-28 16:22:54 
24;11;21;9;3;10;2016-07-28 19:02:24 
21;11;9;24;9;10;2016-07-28 19:16:12 
7;10;8;9;10;7;2016-07-29 08:47:17 
7;9;8;10;4;10;2016-07-29 08:53:36 
23;21;9;7;4;10;2016-07-29 14:03:15 
9;23;7;21;10;3;2016-07-29 14:08:34 
11;15;21;7;7;10;2016-07-29 15:08:46 
4;7;23;8;9;10;2016-07-29 16:17:18 
23;7;4;8;10;5;2016-07-29 16:24:02 
7;4;8;23;1;10;2016-07-29 16:31:29 
9;15;10;8;6;10;2016-07-29 16:46:48 
10;15;5;8;10;8;2016-07-29 16:55:40 
10;7;8;3;9;10;2016-08-01 12:45:22 
3;10;7;8;10;3;2016-08-01 12:53:00 
9;24;8;15;5;10;2016-08-01 13:15:55 
21;9;15;24;10;7;2016-08-01 13:24:15 
7;3;15;10;8;10;2016-08-02 10:34:52 
3;8;7;9;10;9;2016-08-02 10:43:13 
9;7;8;3;7;10;2016-08-02 10:51:19 
9;3;8;20;10;8;2016-08-02 17:05:22 
23;8;9;7;9;10;2016-08-03 09:59:57 
9;7;23;8;4;10;2016-08-03 10:08:13 
7;4;3;8;1;10;2016-08-03 10:57:57 
3;7;8;4;8;10;2016-08-03 11:05:45 
4;3;9;21;10;4;2016-08-03 13:44:17 
3;21;9;4;9;10;2016-08-03 13:55:43 
11;8;10;3;10;8;2016-08-03 15:23:57 
8;11;3;10;7;10;2016-08-03 15:36:12 
23;27;15;10;9;10;2016-08-04 09:14:12 
27;3;23;10;2;10;2016-08-04 09:20:09 
26;7;3;28;8;10;2016-08-04 10:27:06 
26;7;28;3;5;10;2016-08-04 10:32:23 
4;3;9;21;10;9;2016-08-04 10:47:27 
21;3;4;9;7;10;2016-08-04 10:54:49 
9;21;4;10;4;10;2016-08-04 11:01:56 
6;21;10;3;9;10;2016-08-04 13:14:56 
9;23;6;15;9;10;2016-08-04 13:48:27 
10;3;8;21;6;10;2016-08-04 15:29:20 
10;21;3;8;5;10;2016-08-04 15:37:07 
15;3;9;21;8;10;2016-08-04 15:47:34 
9;15;8;21;3;10;2016-08-04 15:57:00 
10;23;4;6;10;6;2016-08-04 16:08:27 
23;10;15;4;10;5;2016-08-04 16:17:11 
4;23;15;10;6;10;2016-08-04 16:27:06 
4;11;24;8;10;9;2016-08-04 19:01:11 
4;11;24;8;10;9;2016-08-04 19:08:48 
27;8;10;15;10;9;2016-08-05 08:32:08 
7;27;15;10;3;10;2016-08-05 08:40:50 
7;15;27;10;10;9;2016-08-05 08:47:35 
6;21;23;15;9;10;2016-08-05 11:02:09 
23;15;6;21;5;10;2016-08-05 11:15:13 
9;7;15;3;9;10;2016-08-05 11:52:22 
7;15;3;9;3;10;2016-08-05 12:00:38 
4;3;6;9;6;10;2016-08-05 13:37:41 
6;4;3;8;5;10;2016-08-05 13:50:17 
4;8;6;3;3;10;2016-08-05 13:57:26 
6;4;3;8;9;10;2016-08-05 14:09:12 
11;4;8;27;10;3;2016-08-05 15:41:30 
23;10;21;15;10;7;2016-08-05 15:56:04 
21;10;23;15;7;10;2016-08-05 16:08:01 
6;9;10;8;7;10;2016-08-05 16:26:03 
6;8;9;10;10;7;2016-08-05 16:36:50 
6;10;9;8;9;10;2016-08-05 16:48:01 
10;11;4;21;10;2;2016-08-05 18:15:29 
8;22;11;4;10;3;2016-08-05 19:04:03 
22;8;11;4;3;10;2016-08-05 19:10:48 
7;3;6;15;10;3;2016-08-08 09:27:23 
7;3;6;15;7;10;2016-08-08 09:37:45 
6;15;3;7;5;10;2016-08-08 09:46:08 
6;23;3;8;6;10;2016-08-08 11:08:26 
3;6;8;23;6;10;2016-08-08 11:18:27 
23;3;6;8;7;10;2016-08-08 11:28:10 
8;6;21;3;10;8;2016-08-08 14:24:25 
6;3;8;21;10;8;2016-08-08 14:37:27 
6;21;15;23;10;7;2016-08-08 15:17:43 
6;21;15;23;10;9;2016-08-08 15:30:38 
3;21;8;23;5;10;2016-08-08 17:01:07 
8;21;23;3;10;7;2016-08-08 17:12:18 
21;8;23;3;10;8;2016-08-08 17:23:46 
3;15;6;7;3;10;2016-08-09 10:57:10 
3;7;6;15;10;5;2016-08-09 11:03:45 
6;15;7;3;4;10;2016-08-09 11:13:54 
15;6;23;21;10;8;2016-08-09 14:26:37 
15;6;23;21;7;10;2016-08-09 14:35:25 
7;8;6;28;10;6;2016-08-09 14:49:36 
28;21;6;27;0;10;2016-08-09 14:58:48 
21;11;8;12;5;10;2016-08-09 15:45:49 
12;8;21;11;10;7;2016-08-09 15:53:21 
12;8;11;21;10;3;2016-08-09 15:58:33 
12;8;21;11;10;8;2016-08-09 16:05:59 
4;7;6;15;6;10;2016-08-10 12:51:14 
6;15;4;7;3;10;2016-08-10 12:57:08 
3;4;6;15;6;10;2016-08-10 13:08:06 
6;21;3;4;10;6;2016-08-10 13:17:57 
6;21;11;3;10;8;2016-08-10 14:43:27 
6;21;11;3;10;6;2016-08-10 14:52:04 
6;27;4;21;10;1;2016-08-10 15:02:29 
6;27;21;4;10;6;2016-08-10 15:10:28 
6;4;8;3;6;10;2016-08-10 15:55:42 
8;3;6;4;10;9;2016-08-10 16:04:56 
11;7;6;24;10;5;2016-08-10 16:52:46 
6;3;8;4;4;10;2016-08-10 17:53:30 
7;3;6;15;10;5;2016-08-11 09:28:15 
6;3;7;15;10;0;2016-08-11 09:37:27 
15;3;7;6;8;10;2016-08-11 09:51:16 
23;27;6;21;1;10;2016-08-11 10:41:55 
23;27;21;6;7;10;2016-08-11 10:53:42 
21;4;7;27;10;5;2016-08-11 12:50:16 
4;21;7;27;10;9;2016-08-11 12:50:58 
4;3;6;21;1;10;2016-08-11 12:59:01 
3;21;4;6;7;10;2016-08-11 13:09:35 
21;4;3;6;5;10;2016-08-11 13:18:13 
5;25;11;22;10;4;2016-08-11 15:37:59 
5;25;11;22;8;10;2016-08-11 15:38:35 
23;15;4;21;10;3;2016-08-11 16:26:29 
23;15;21;4;10;7;2016-08-11 16:34:35 
21;6;4;27;6;10;2016-08-12 10:47:04 
6;21;23;4;5;10;2016-08-12 10:57:13 
23;21;6;27;5;10;2016-08-12 11:09:26 
12;4;3;21;5;10;2016-08-12 13:09:29 
12;4;3;21;5;10;2016-08-12 13:09:55 
11;27;6;21;1;10;2016-08-12 15:19:15 
4;3;6;21;10;8;2016-08-12 15:33:11 
21;4;15;11;10;4;2016-08-12 16:40:34 
3;12;6;21;9;10;2016-08-12 16:51:35 
4;11;6;15;5;10;2016-08-12 17:01:02 
15;6;3;21;8;10;2016-08-12 17:14:19 
23;6;15;3;4;10;2016-08-16 10:06:22 
3;27;6;11;10;8;2016-08-16 11:25:59 
15;3;21;27;10;6;2016-08-16 14:41:05 
6;4;3;21;10;4;2016-08-17 10:50:52 
6;21;3;4;10;7;2016-08-17 10:59:52 
21;6;4;3;4;10;2016-08-17 13:55:34 
4;21;3;6;2;10;2016-08-17 14:02:10 
21;3;6;4;2;10;2016-08-17 14:09:39 
6;5;15;23;7;10;2016-08-17 15:24:52 
15;23;6;5;10;5;2016-08-17 15:33:57 
15;4;6;11;10;5;2016-08-17 16:59:22 
4;15;11;6;9;10;2016-08-17 17:07:57 
4;15;21;23;10;4;2016-08-18 10:47:53 
21;4;27;23;10;7;2016-08-18 10:56:51 
21;27;11;24;9;10;2016-08-18 14:11:11 
11;24;21;27;6;10;2016-08-18 14:24:03 
6;23;3;15;10;5;2016-08-18 14:57:52 
3;15;6;23;8;10;2016-08-18 15:10:48 
27;12;24;4;3;10;2016-08-19 12:52:23 
24;27;12;4;2;10;2016-08-19 12:53:26 
27;4;3;15;5;10;2016-08-19 12:54:42 
15;3;4;27;10;7;2016-08-19 12:55:14 
15;4;11;3;5;10;2016-08-19 13:52:22 
6;12;15;23;8;10;2016-08-19 16:17:41 
3;21;15;6;10;5;2016-08-19 16:52:20 
21;26;11;28;5;10;2016-08-19 17:46:36 
11;26;21;28;6;10;2016-08-19 17:55:33 
15;10;9;24;10;1;2016-08-22 09:19:49 
24;10;9;15;4;10;2016-08-22 09:26:27 
15;10;24;9;10;4;2016-08-22 09:33:15 
21;27;8;12;9;10;2016-08-22 11:20:14 
8;12;21;27;9;10;2016-08-22 11:34:02 
10;9;3;15;8;10;2016-08-22 11:55:46 
3;9;15;10;10;3;2016-08-22 12:01:52 
9;10;3;6;10;9;2016-08-22 12:18:26 
6;3;10;9;10;6;2016-08-22 13:55:38 
9;10;3;6;10;7;2016-08-22 14:06:09 
6;10;9;3;10;5;2016-08-22 14:15:59 
15;9;11;10;10;5;2016-08-22 15:01:19 
10;11;9;15;10;5;2016-08-22 15:10:36 
10;3;9;8;10;7;2016-08-22 16:52:40 
8;3;10;9;10;5;2016-08-22 17:00:09 
10;9;21;8;9;10;2016-08-22 17:10:00 
10;9;8;21;8;10;2016-08-22 17:18:27 
8;27;7;21;3;10;2016-08-23 10:10:05 
21;9;27;6;5;10;2016-08-23 10:19:30 
9;21;6;27;7;10;2016-08-23 10:27:52 
3;7;8;27;10;4;2016-08-23 13:22:52 
7;3;27;8;9;10;2016-08-23 13:31:02 
3;9;6;21;10;2;2016-08-23 13:50:16 
6;9;21;8;10;8;2016-08-23 15:40:28 
6;9;21;8;5;10;2016-08-23 15:51:55 
6;9;21;8;3;10;2016-08-23 16:04:29 
11;9;6;5;7;10;2016-08-23 16:15:38 
10;11;3;9;3;10;2016-08-24 10:36:58 
3;11;10;9;7;10;2016-08-24 10:45:42 
6;21;8;7;1;10;2016-08-24 11:23:51 
6;7;8;21;10;9;2016-08-24 11:33:28 
6;9;10;15;10;7;2016-08-24 12:57:58 
10;7;12;8;10;3;2016-08-24 13:05:47 
8;12;10;7;2;10;2016-08-24 13:11:04 
12;8;6;7;4;10;2016-08-24 13:17:23 
25;27;15;11;1;10;2016-08-24 13:52:01 
15;25;27;11;10;7;2016-08-24 13:59:24 
15;10;21;6;10;7;2016-08-24 16:57:43 
15;6;10;21;10;6;2016-08-24 17:03:32 
10;15;9;8;7;10;2016-08-25 08:59:46 
10;9;15;8;6;10;2016-08-25 09:08:15 
6;21;4;7;7;10;2016-08-25 10:50:47 
7;21;6;4;8;10;2016-08-25 10:59:54 
9;3;15;10;5;10;2016-08-25 11:28:30 
15;10;3;9;10;5;2016-08-25 11:39:32 
4;10;8;3;7;10;2016-08-25 11:49:19 
21;10;27;11;10;5;2016-08-25 12:12:25 
21;8;6;10;8;10;2016-08-25 13:16:04 
6;21;15;9;10;3;2016-08-25 15:00:56 
6;8;7;10;10;3;2016-08-25 16:05:57 
8;7;10;6;10;8;2016-08-25 16:14:27 
15;4;3;11;7;10;2016-08-25 16:25:33 
9;8;15;10;10;3;2016-08-25 17:32:18 
10;9;15;8;10;4;2016-08-25 17:41:56 
10;27;15;7;2;10;2016-08-26 08:28:42 
7;27;10;15;3;10;2016-08-26 08:35:34 
7;10;27;15;10;6;2016-08-26 08:41:38 
9;10;6;24;10;5;2016-08-26 09:54:00 
7;9;10;15;10;7;2016-08-26 13:09:39 
9;10;15;7;5;10;2016-08-26 13:16:18 
8;7;6;3;10;6;2016-08-26 13:20:10 
3;7;8;6;10;6;2016-08-26 13:20:56 
9;3;7;27;10;5;2016-08-26 15:30:36 
8;15;3;4;10;8;2016-08-26 17:10:48 
3;9;6;15;5;10;2016-08-26 17:21:54 
9;3;4;8;6;10;2016-08-26 17:29:37 
3;4;8;9;7;10;2016-08-26 17:38:12 
21;7;27;23;10;2;2016-08-29 12:20:30 
15;21;7;27;10;6;2016-08-29 12:30:42 
15;4;9;10;10;6;2016-08-29 16:21:14 
4;9;15;10;4;10;2016-08-29 16:28:36 
9;15;4;10;3;10;2016-08-29 16:35:43 
10;15;9;6;9;10;2016-08-30 12:06:48 
6;21;23;10;10;5;2016-08-30 12:39:02 
6;21;23;10;8;10;2016-08-30 12:53:10 
27;8;21;10;10;8;2016-08-30 15:13:29 
21;8;27;6;10;9;2016-08-30 15:26:35 
6;15;23;28;10;3;2016-08-30 15:36:57 
21;10;6;27;10;5;2016-08-30 15:46:08 
26;8;28;10;6;10;2016-08-30 17:10:34 
26;10;28;8;4;10;2016-08-30 17:16:55 
15;23;6;9;4;10;2016-08-31 09:53:26 
6;10;8;4;10;5;2016-08-31 11:44:41 
10;26;6;27;10;9;2016-08-31 12:00:45 
6;21;10;28;10;2;2016-08-31 13:49:17 
6;4;9;8;10;5;2016-08-31 14:20:49 
4;10;8;9;10;9;2016-08-31 17:08:35 
9;8;10;4;10;9;2016-08-31 17:18:22 
10;6;4;7;7;10;2016-09-01 10:52:27 
6;4;7;10;10;4;2016-09-01 10:58:10 
23;15;6;21;9;10;2016-09-01 12:38:07 
6;21;23;15;10;4;2016-09-01 12:44:28 
8;9;10;4;0;10;2016-09-01 13:01:54 
10;9;8;4;4;10;2016-09-01 13:10:26 
10;8;4;9;10;2;2016-09-01 13:17:09 
9;28;27;8;2;10;2016-09-01 15:12:25 
6;28;10;9;4;10;2016-09-01 15:24:17 
6;15;8;4;10;8;2016-09-01 17:18:37 
8;4;6;15;6;10;2016-09-01 17:28:18 
7;27;4;8;6;10;2016-09-02 10:42:58 
27;7;8;4;4;10;2016-09-02 10:48:27 
6;21;4;15;10;3;2016-09-02 11:24:43 
6;21;4;15;10;8;2016-09-02 11:35:08 
9;6;23;15;10;7;2016-09-02 12:51:07 
15;23;9;6;9;10;2016-09-02 13:02:23 
6;9;26;10;10;4;2016-09-02 14:09:52 
10;26;15;9;10;9;2016-09-02 14:19:08 
9;26;10;15;2;10;2016-09-02 14:27:11 
10;8;6;4;10;9;2016-09-02 14:56:53 
6;4;8;10;10;9;2016-09-02 15:09:28 
8;28;4;10;10;8;2016-09-02 17:01:57 
4;10;8;28;10;5;2016-09-02 17:11:22 
8;9;15;4;9;10;2016-09-02 18:03:55 
15;4;8;9;10;9;2016-09-02 18:13:33 
9;6;23;25;10;9;2016-09-05 10:48:01 
6;25;9;23;9;10;2016-09-05 10:57:05 
10;7;6;27;10;9;2016-09-05 13:14:45 
6;27;7;10;8;10;2016-09-05 13:29:55 
10;9;21;15;10;8;2016-09-05 14:36:49 
15;21;9;10;9;10;2016-09-05 14:44:54 
6;9;8;23;10;5;2016-09-05 15:23:01 
8;23;9;6;7;10;2016-09-05 15:33:00 
27;8;21;15;10;8;2016-09-06 08:36:48 
15;21;8;27;10;8;2016-09-06 08:47:21 
6;21;9;3;10;6;2016-09-06 10:50:25 
3;21;6;9;10;9;2016-09-06 10:59:21 
3;8;10;9;10;9;2016-09-06 13:27:06 
3;10;8;21;10;9;2016-09-06 13:40:38 
9;6;3;8;6;10;2016-09-06 17:06:08 
6;9;8;3;2;10;2016-09-06 17:16:41 
8;3;6;9;10;9;2016-09-06 17:28:01 
21;15;23;10;6;10;2016-09-07 11:18:04 
10;15;23;21;7;10;2016-09-07 11:29:04 
10;8;3;21;10;5;2016-09-07 12:36:08 
3;8;10;21;10;5;2016-09-07 12:43:44 
3;10;8;21;7;10;2016-09-07 12:53:56 
8;3;23;21;10;3;2016-09-07 14:58:07 
27;3;21;23;9;10;2016-09-07 15:09:40 
27;8;21;3;10;8;2016-09-07 15:28:46 
8;15;10;3;5;10;2016-09-07 16:08:04 
10;8;3;15;10;6;2016-09-07 16:14:57 
10;15;8;3;8;10;2016-09-07 16:26:41 
9;7;3;21;10;3;2016-09-08 10:38:58 
7;9;3;21;10;7;2016-09-08 10:48:15 
21;10;9;3;4;10;2016-09-08 10:53:41 
3;9;10;15;10;7;2016-09-08 11:06:00 
3;15;10;9;10;7;2016-09-08 11:14:17 
3;23;6;15;5;10;2016-09-08 12:21:32 
27;6;23;21;10;8;2016-09-08 12:41:51 
8;7;4;6;10;4;2016-09-08 13:20:53 
3;7;10;6;9;10;2016-09-08 13:38:12 
6;7;3;10;10;9;2016-09-08 13:47:09 
15;6;10;9;8;10;2016-09-08 14:32:47 
9;6;10;15;10;5;2016-09-08 14:41:44 
15;8;6;23;8;10;2016-09-08 16:17:29 
8;15;6;23;8;10;2016-09-08 16:33:37 
9;3;4;15;10;5;2016-09-08 16:51:34 
3;9;15;4;6;10;2016-09-08 17:02:16 
15;3;9;4;4;10;2016-09-08 17:10:43 
4;9;3;15;9;10;2016-09-08 17:23:25 
9;8;4;3;10;9;2016-09-08 19:04:09 
4;3;9;8;2;10;2016-09-08 19:09:15 
15;10;23;9;10;8;2016-09-09 09:37:23 
10;9;15;23;10;7;2016-09-09 09:45:11 
28;21;6;27;5;10;2016-09-09 10:47:10 
6;27;21;28;10;3;2016-09-09 10:56:11 
7;15;9;3;6;10;2016-09-09 14:00:35 
9;3;15;7;8;10;2016-09-09 14:09:23 
7;27;4;21;6;10;2016-09-09 15:45:08 
4;21;7;27;9;10;2016-09-09 15:54:06 
10;4;9;8;10;7;2016-09-09 18:15:15 
15;3;4;8;2;10;2016-09-09 18:20:24 
10;8;3;15;10;7;2016-09-09 18:27:35 
8;3;15;4;6;10;2016-09-09 18:34:48 
3;9;8;4;6;10;2016-09-09 18:43:01 
7;9;15;3;10;9;2016-09-12 11:10:57 
9;3;15;7;8;10;2016-09-12 11:21:37 
27;8;3;7;5;10;2016-09-12 13:17:54 
6;27;23;3;7;10;2016-09-12 15:36:17 
6;15;3;8;7;10;2016-09-12 15:49:22 
15;6;3;8;5;10;2016-09-12 15:55:35 
3;27;23;21;6;10;2016-09-13 09:12:31 
8;27;21;15;10;8;2016-09-13 11:04:53 
27;8;21;15;10;5;2016-09-13 11:16:06 
9;3;6;15;10;9;2016-09-13 13:08:56 
6;15;9;3;10;3;2016-09-13 13:17:12 
8;11;9;5;10;4;2016-09-13 15:18:43 
8;3;9;6;10;7;2016-09-13 16:04:14 
3;23;9;6;6;10;2016-09-13 16:14:14 
9;8;6;23;10;6;2016-09-13 16:29:08 
23;8;9;6;10;2;2016-09-13 16:33:08 
6;23;3;7;8;10;2016-09-14 10:02:41 
7;3;6;23;10;7;2016-09-14 10:38:47 
15;8;9;7;10;7;2016-09-14 12:51:54 
3;9;15;7;10;9;2016-09-14 13:02:02 
9;4;21;3;4;10;2016-09-14 13:38:12 
9;4;21;3;10;6;2016-09-14 13:47:52 
11;9;15;6;8;10;2016-09-14 14:21:25 
15;9;6;11;10;5;2016-09-14 14:30:31 
8;27;4;15;10;5;2016-09-14 15:12:07 
8;27;15;4;10;7;2016-09-14 15:20:40 
3;4;6;23;9;10;2016-09-14 15:59:11 
9;3;11;8;7;10;2016-09-14 18:35:41 
3;9;8;11;10;7;2016-09-14 18:46:01 
6;23;7;21;10;5;2016-09-15 10:44:40 
6;21;23;7;10;2;2016-09-15 10:54:48 
23;9;6;15;6;10;2016-09-15 12:32:29 
15;6;9;23;4;10;2016-09-15 12:40:42 
27;11;15;24;10;9;2016-09-15 14:06:51 
27;15;11;24;10;7;2016-09-15 14:14:38 
21;8;6;4;9;10;2016-09-15 15:43:26 
27;6;4;21;5;10;2016-09-15 15:51:22 
6;27;21;4;10;8;2016-09-15 16:04:17 
21;9;27;6;10;5;2016-09-15 16:11:08 
7;3;6;15;10;9;2016-09-16 10:44:07 
6;15;7;3;10;5;2016-09-16 10:52:54 
21;28;6;27;4;10;2016-09-16 12:03:01 
28;21;27;6;10;9;2016-09-16 12:13:19 
21;4;3;24;10;6;2016-09-16 13:08:40 
21;3;4;24;10;3;2016-09-16 13:14:42 
8;21;6;15;5;10;2016-09-16 14:19:21 
15;8;21;6;10;4;2016-09-16 14:26:39 
11;3;4;27;10;9;2016-09-16 14:50:38 
27;4;3;11;10;8;2016-09-16 15:01:16 
6;3;4;8;7;10;2016-09-16 15:36:24 
3;8;4;6;10;8;2016-09-16 15:43:20 
6;8;4;3;10;5;2016-09-16 15:49:08 
11;8;4;15;8;10;2016-09-16 18:00:38 
8;11;15;4;5;10;2016-09-16 18:11:35 
11;8;4;15;10;4;2016-09-16 18:17:24 
3;7;6;21;8;10;2016-09-19 10:45:28 
3;7;6;21;10;9;2016-09-19 11:13:18 
3;7;6;21;10;7;2016-09-19 11:13:33 
21;8;15;3;9;10;2016-09-19 13:08:43 
3;15;21;8;8;10;2016-09-19 13:18:57 
3;27;28;11;10;9;2016-09-19 14:15:20 
28;11;27;3;9;10;2016-09-19 14:27:15 
28;8;6;15;5;10;2016-09-19 17:04:26 
28;8;6;15;10;5;2016-09-19 17:23:41 
6;15;28;8;9;10;2016-09-19 17:18:38 
15;26;8;11;2;10;2016-09-19 18:16:25 
8;26;11;15;9;10;2016-09-19 18:32:51 
21;3;15;9;10;7;2016-09-20 10:39:09 
9;15;3;21;4;10;2016-09-20 10:45:47 
8;9;6;23;10;8;2016-09-20 11:17:27 
6;9;23;8;10;8;2016-09-20 11:26:29 
3;15;27;8;10;7;2016-09-20 12:47:01 
15;3;27;8;8;10;2016-09-20 12:54:43 
8;27;15;3;10;8;2016-09-20 13:04:26 
15;11;6;24;9;10;2016-09-20 16:46:03 
6;11;9;15;7;10;2016-09-20 16:56:34 
6;23;9;15;10;6;2016-09-21 10:40:18 
6;23;15;9;10;6;2016-09-21 10:48:40 
28;9;6;15;6;10;2016-09-21 12:32:50 
28;9;15;6;10;9;2016-09-21 12:41:35 
11;4;23;21;10;6;2016-09-21 14:34:36 
15;8;6;23;10;6;2016-09-21 15:15:42 
4;21;11;8;10;8;2016-09-21 16:35:27 
4;21;11;8;7;10;2016-09-21 16:43:37 
11;8;21;4;10;5;2016-09-21 16:49:00 
7;9;3;15;6;10;2016-09-22 10:43:10 
15;3;7;9;10;1;2016-09-22 10:51:00 
7;9;15;3;10;4;2016-09-22 11:01:23 
8;27;6;9;10;5;2016-09-22 13:16:52 
6;15;28;23;10;5;2016-09-22 14:53:07 
28;15;6;23;8;10;2016-09-22 15:06:15 
6;11;23;21;8;10;2016-09-22 15:15:49 
3;4;15;8;10;6;2016-09-22 17:42:52 
9;3;8;15;7;10;2016-09-22 18:30:41 
9;3;15;8;10;5;2016-09-22 18:36:47 
21;7;27;3;10;7;2016-09-23 10:35:41 
21;3;7;27;10;8;2016-09-23 10:44:48 
3;15;6;23;7;10;2016-09-23 13:09:46 
3;15;6;23;6;10;2016-09-23 13:21:42 
7;27;15;6;10;9;2016-09-23 15:30:54 
21;6;23;3;7;10;2016-09-23 16:46:27 
15;6;11;28;4;10;2016-09-23 16:53:23 
23;15;3;11;10;6;2016-09-23 17:02:51 
15;23;11;3;10;2;2016-09-23 17:12:11 
21;28;27;3;10;7;2016-09-26 11:06:38 
6;9;15;23;7;10;2016-09-26 13:35:38 
6;9;23;15;10;6;2016-09-26 13:35:54 
3;10;6;23;10;5;2016-09-26 13:54:58 
6;9;28;23;10;5;2016-09-26 17:12:46 
23;9;6;28;10;9;2016-09-26 17:30:26 
23;27;21;15;9;10;2016-09-27 09:07:48 
15;23;27;21;10;5;2016-09-27 09:14:02 
3;7;6;9;9;10;2016-09-27 11:37:39 
9;6;7;3;4;10;2016-09-27 11:44:06 
7;9;6;3;10;8;2016-09-27 11:53:03 
7;9;6;3;10;8;2016-09-27 11:53:16 
26;10;9;27;10;8;2016-09-27 13:43:08 
21;15;6;27;7;10;2016-09-27 14:25:28 
21;15;6;27;6;10;2016-09-27 14:33:35 
11;9;6;15;5;10;2016-09-27 15:16:39 
28;6;10;3;9;10;2016-09-27 16:51:15 
10;3;28;6;10;8;2016-09-27 16:58:29 
6;28;3;10;9;10;2016-09-27 17:15:08 
6;23;4;21;10;2;2016-09-28 10:54:07 
6;27;15;23;9;10;2016-09-28 11:06:42 
23;15;6;27;10;3;2016-09-28 11:19:40 
3;9;11;4;10;7;2016-09-28 13:56:20 
3;9;23;15;6;10;2016-09-28 15:21:45 
9;3;15;23;10;7;2016-09-28 15:32:00 
3;15;23;9;10;3;2016-09-28 15:38:59 
6;4;3;10;7;10;2016-09-28 17:00:27 
3;10;6;4;10;5;2016-09-28 17:11:34 
3;9;15;7;10;9;2016-09-29 10:14:45 
6;23;7;15;10;9;2016-09-29 12:39:09 
15;7;6;23;8;10;2016-09-29 12:39:24 
6;21;9;3;8;10;2016-09-29 14:16:07 
3;21;6;9;10;8;2016-09-29 14:26:42 
25;15;11;22;10;5;2016-09-29 14:48:36 
25;11;22;15;7;10;2016-09-29 14:56:05 
6;28;23;15;4;10;2016-09-29 16:16:08 
15;10;3;21;10;7;2016-09-30 08:40:41 
10;21;15;3;10;4;2016-09-30 08:46:53 
6;3;23;15;9;10;2016-09-30 11:51:14 
15;23;6;3;3;10;2016-09-30 11:58:28 
15;23;6;3;4;10;2016-09-30 12:04:56 
27;28;15;25;6;10;2016-09-30 13:27:38 
6;3;7;10;10;7;2016-09-30 13:38:41 
15;21;6;25;8;10;2016-09-30 13:51:21 
6;12;27;11;10;6;2016-09-30 14:11:51 
15;10;6;4;8;10;2016-09-30 16:11:55 
6;4;10;15;10;6;2016-09-30 16:18:54 
4;10;15;6;8;10;2016-09-30 16:30:23 
15;6;10;4;8;10;2016-09-30 16:41:40 
9;23;15;6;10;9;2016-10-03 10:59:22 
6;10;9;15;10;7;2016-10-03 11:10:00 
15;10;6;9;10;6;2016-10-03 11:18:27 
10;21;9;7;10;2;2016-10-03 11:46:05 
9;10;21;7;10;4;2016-10-03 11:56:11 
6;9;15;10;10;9;2016-10-03 12:52:00 
6;9;15;10;7;10;2016-10-03 13:05:29 
15;22;6;11;10;9;2016-10-03 14:04:50 
15;11;22;10;10;8;2016-10-03 14:20:13 
27;7;15;10;10;8;2016-10-04 08:35:23 
27;8;10;7;9;10;2016-10-04 08:42:36 
15;8;27;7;10;6;2016-10-04 08:49:41 
10;15;8;27;10;8;2016-10-04 08:58:49 
8;10;9;15;10;5;2016-10-04 09:30:08 
15;8;10;9;7;10;2016-10-04 09:36:30 
27;3;21;7;5;10;2016-10-04 10:42:47 
21;7;3;27;7;10;2016-10-04 10:53:05 
10;3;9;8;7;10;2016-10-04 11:12:15 
10;3;9;8;10;8;2016-10-04 11:20:14 
10;11;7;15;5;10;2016-10-04 13:05:47 
15;7;11;10;10;5;2016-10-04 13:14:48 
15;7;10;11;5;10;2016-10-04 13:23:02 
10;15;9;3;10;9;2016-10-04 14:01:53 
27;8;3;21;10;6;2016-10-05 08:49:13 
3;15;6;7;6;10;2016-10-05 11:16:00 
6;15;3;7;5;10;2016-10-05 11:28:37 
22;6;10;11;6;10;2016-10-05 12:06:17 
11;6;22;10;5;10;2016-10-05 12:12:08 
10;22;6;11;7;10;2016-10-05 12:26:00 
7;15;27;8;10;7;2016-10-05 12:32:09 
27;8;7;15;10;9;2016-10-05 12:40:03 
15;7;27;8;5;10;2016-10-05 12:49:35 
21;3;6;9;6;10;2016-10-05 13:19:37 
6;21;3;9;10;6;2016-10-05 13:35:25 
15;9;10;11;10;7;2016-10-05 15:20:43 
15;9;11;10;10;9;2016-10-05 15:28:07 
21;3;8;28;5;10;2016-10-05 17:27:06 
8;28;21;3;8;10;2016-10-05 17:35:13 
21;3;8;28;9;10;2016-10-05 17:45:16 
7;3;9;8;6;10;2016-10-06 10:08:22 
8;9;3;7;10;5;2016-10-06 11:03:26 
10;7;15;3;10;7;2016-10-06 11:14:18 
7;10;15;3;7;10;2016-10-06 11:23:38 
9;3;15;10;5;10;2016-10-06 11:32:00 
27;15;9;10;4;10;2016-10-06 11:39:46 
10;27;9;15;5;10;2016-10-06 11:48:01 
4;10;15;8;10;7;2016-10-06 13:13:12 
15;8;4;10;10;9;2016-10-06 13:23:11 
6;3;8;11;10;5;2016-10-06 19:10:46 
6;11;8;24;6;10;2016-10-06 19:21:44 
23;9;15;8;6;10;2016-10-07 09:39:22 
9;8;23;15;9;10;2016-10-07 09:50:28 
21;4;27;8;10;4;2016-10-07 13:34:23 
8;27;21;4;6;10;2016-10-07 13:39:20 
8;27;28;21;10;7;2016-10-07 13:48:52 
9;15;8;28;9;10;2016-10-07 17:11:32 
9;15;28;8;10;6;2016-10-07 17:20:07 
3;8;23;6;10;3;2016-10-10 11:04:28 
3;8;6;23;10;4;2016-10-10 11:12:47 
27;8;28;15;10;9;2016-10-10 13:30:13 
28;15;8;27;10;8;2016-10-10 13:40:00 
3;28;27;8;7;10;2016-10-10 15:45:55 
9;3;8;28;9;10;2016-10-10 15:53:05 
15;3;8;9;7;10;2016-10-10 16:11:51 
9;15;3;8;10;9;2016-10-10 16:19:49 
10;9;8;11;9;10;2016-10-10 17:15:33 
15;9;7;10;8;10;2016-10-11 08:55:29 
7;15;10;9;6;10;2016-10-11 09:01:06 
10;9;7;15;10;5;2016-10-11 09:11:40 
15;27;10;8;1;10;2016-10-11 09:17:10 
27;8;10;15;8;10;2016-10-11 09:26:29 
21;8;10;9;10;7;2016-10-11 09:33:27 
10;20;9;24;10;8;2016-10-11 11:15:01 
11;8;9;19;10;2;2016-10-11 11:21:10 
9;11;19;8;8;10;2016-10-11 11:28:03 
3;28;7;9;10;7;2016-10-11 12:29:20 
9;3;7;28;10;7;2016-10-11 12:39:02 
7;8;9;3;7;10;2016-10-11 12:50:10 
8;7;3;9;10;6;2016-10-11 13:01:23 
8;20;19;11;10;8;2016-10-11 15:50:29 
3;10;8;9;10;7;2016-10-13 09:55:51 
8;3;9;10;10;5;2016-10-13 10:05:21 
24;3;21;10;1;10;2016-10-13 13:29:49 
8;3;21;10;10;7;2016-10-13 13:41:47 
3;8;21;10;10;6;2016-10-13 13:47:46 
19;11;20;7;10;5;2016-10-13 13:56:11 
11;8;6;15;9;10;2016-10-13 16:49:16 
6;9;3;28;5;10;2016-10-13 17:13:16 
9;3;6;28;10;6;2016-10-13 17:21:49 
7;3;27;8;10;9;2016-10-14 08:42:58 
7;3;27;8;8;10;2016-10-14 08:52:00 
24;8;3;15;2;10;2016-10-14 12:33:11 
4;3;8;21;9;10;2016-10-14 13:03:07 
10;9;15;11;10;7;2016-10-14 13:32:36 
11;10;9;15;4;10;2016-10-14 13:42:22 
21;7;15;27;5;10;2016-10-14 15:19:18 
7;21;15;27;10;6;2016-10-14 15:19:30 
21;7;27;15;10;8;2016-10-14 15:19:50 
10;11;8;28;10;8;2016-10-14 16:24:45 
10;11;8;28;10;9;2016-10-14 16:39:36 
9;8;4;26;10;6;2016-10-14 17:51:29 
4;26;11;9;10;9;2016-10-14 17:59:58 
9;11;5;4;10;9;2016-10-14 20:21:04 
11;4;8;5;10;7;2016-10-14 20:31:51 
15;3;8;7;8;10;2016-10-17 10:02:56 
7;8;3;15;10;3;2016-10-17 11:02:51 
15;10;8;3;10;7;2016-10-17 14:06:07 
10;3;8;11;10;9;2016-10-17 14:17:28 
28;8;11;3;10;8;2016-10-17 17:20:19 
28;8;11;3;10;5;2016-10-17 17:27:55 
8;27;7;15;5;10;2016-10-18 11:03:33 
27;8;15;7;10;7;2016-10-18 11:10:22 
11;9;28;7;8;10;2016-10-18 11:52:10 
27;8;15;9;10;4;2016-10-18 14:08:30 
15;9;27;8;7;10;2016-10-18 14:17:09 
9;11;15;22;10;7;2016-10-18 16:22:50 
11;9;22;15;10;6;2016-10-18 16:30:46 
4;24;15;27;10;9;2016-10-19 08:05:29 
4;7;6;21;10;7;2016-10-19 13:43:15 
6;21;7;4;10;7;2016-10-19 13:52:43 
6;21;4;7;6;10;2016-10-19 14:02:52 
8;15;4;9;10;9;2016-10-19 14:13:16 
15;8;4;9;10;6;2016-10-19 14:21:00 
6;11;27;3;10;7;2016-10-19 14:37:03 
6;3;21;4;10;5;2016-10-19 15:26:57 
3;6;4;21;10;6;2016-10-19 15:34:20 
8;8;10;10;10;9;2016-10-20 06:49:52 
10;10;8;8;9;10;2016-10-20 06:50:14 
7;5;9;15;5;10;2016-10-20 10:42:20 
10;3;8;7;7;10;2016-10-20 10:55:43 
8;7;10;3;10;3;2016-10-20 11:03:09 
7;8;3;10;7;10;2016-10-20 11:12:10 
9;7;21;3;10;8;2016-10-20 13:33:24 
21;3;7;9;6;10;2016-10-20 13:38:05 
10;3;15;8;7;10;2016-10-20 13:50:36 
3;10;15;8;1;10;2016-10-20 14:06:16 
4;21;10;9;9;10;2016-10-20 14:48:24 
4;9;3;21;4;10;2016-10-20 14:55:04 
8;28;6;3;8;10;2016-10-20 16:38:33 
6;28;3;4;10;9;2016-10-20 16:52:18 
28;6;4;3;10;7;2016-10-20 17:02:23 
8;9;3;15;10;3;2016-10-21 10:58:21 
15;8;3;9;6;10;2016-10-21 11:05:33 
28;7;21;9;10;9;2016-10-21 11:19:37 
28;7;21;9;10;9;2016-10-21 11:25:30 
9;4;3;8;9;10;2016-10-21 15:41:56 
3;26;4;15;10;7;2016-10-21 16:48:25 
4;15;3;26;10;9;2016-10-21 16:58:29 
9;22;4;28;8;10;2016-10-21 18:02:36 
4;28;9;22;10;9;2016-10-21 18:16:19 
27;8;6;15;10;6;2016-10-24 11:26:09 
27;8;6;15;9;10;2016-10-24 11:34:39 
4;8;6;15;9;10;2016-10-24 13:26:06 
6;15;4;8;7;10;2016-10-24 13:34:49 
3;4;21;10;9;10;2016-10-24 14:09:14 
3;4;10;21;3;10;2016-10-24 14:12:50 
3;4;10;21;9;10;2016-10-24 14:19:58 
9;7;6;11;10;5;2016-10-24 14:38:34 
7;9;10;15;10;6;2016-10-24 14:47:05 
10;15;9;7;10;6;2016-10-24 14:56:15 
10;9;15;7;9;10;2016-10-24 15:05:03 
3;9;21;7;10;2;2016-10-24 17:01:34 
9;3;21;7;10;8;2016-10-24 17:10:18 
7;3;8;21;7;10;2016-10-24 17:21:19 
3;7;21;8;6;10;2016-10-24 17:29:14 
8;21;3;7;10;6;2016-10-24 17:40:17 
8;27;15;10;10;6;2016-10-25 08:53:06 
10;15;8;27;9;10;2016-10-25 09:05:22 
27;8;10;15;5;10;2016-10-25 09:12:55 
21;3;15;7;8;10;2016-10-25 10:08:08 
21;3;7;15;7;10;2016-10-25 10:19:35 
3;21;7;15;8;10;2016-10-25 10:30:00 
11;27;5;15;10;7;2016-10-25 14:51:51 
8;3;10;21;10;8;2016-10-25 15:03:58 
8;21;7;3;8;10;2016-10-25 15:20:22 
21;3;8;11;7;10;2016-10-25 17:23:18 
3;15;21;7;10;5;2016-10-26 12:24:32 
3;15;7;21;10;6;2016-10-26 12:31:02 
9;3;8;15;4;10;2016-10-26 16:47:32 
8;15;3;9;10;4;2016-10-26 16:54:58 
15;8;3;9;10;3;2016-10-26 16:55:17 
3;15;6;28;10;6;2016-10-26 17:37:10 
11;3;26;8;10;2;2016-10-26 19:05:57 
8;4;6;10;10;5;2016-10-26 21:08:09 
6;10;8;4;10;7;2016-10-26 21:21:40 
4;5;11;24;10;3;2016-10-26 21:43:47 
11;5;4;24;10;6;2016-10-26 21:44:20 
27;15;3;10;7;10;2016-10-27 08:21:18 
27;10;3;15;7;10;2016-10-27 08:30:11 
27;10;15;3;10;6;2016-10-27 08:42:14 
9;8;10;15;7;10;2016-10-27 09:50:45 
8;15;10;9;10;3;2016-10-27 09:55:51 
15;9;8;10;3;10;2016-10-27 10:03:14 
21;7;9;15;10;7;2016-10-27 10:16:51 
21;7;15;9;3;10;2016-10-27 10:23:34 
7;8;3;4;10;7;2016-10-27 13:09:28 
3;4;7;21;10;4;2016-10-27 13:16:46 
3;21;4;7;8;10;2016-10-27 13:26:07 
8;28;9;6;10;5;2016-10-27 15:51:48 
6;9;28;8;10;7;2016-10-27 16:00:54 
3;4;11;8;6;10;2016-10-27 16:50:08 
7;11;6;21;9;10;2016-10-27 17:15:41 
11;3;4;9;10;5;2016-10-28 12:50:42 
9;4;11;3;10;4;2016-10-28 13:00:02 
27;10;11;8;4;10;2016-10-28 16:43:33 
26;10;11;27;10;7;2016-10-28 16:51:01 
3;26;10;27;5;10;2016-10-28 16:59:02 
11;10;8;26;10;8;2016-10-28 18:51:18 
8;8;10;10;10;9;2016-10-28 20:49:47 
8;22;11;27;10;9;2016-10-31 14:06:18 
8;26;11;27;4;10;2016-10-31 15:37:47 
9;8;7;10;6;10;2016-11-02 08:52:15 
9;8;10;7;10;4;2016-11-02 08:58:44 
7;4;3;22;10;3;2016-11-02 13:36:44 
7;4;22;3;10;8;2016-11-02 13:49:23 
3;4;7;10;10;8;2016-11-02 13:56:39 
3;4;10;7;10;6;2016-11-02 14:02:44 
3;8;4;10;8;10;2016-11-02 14:10:48 
10;4;3;8;9;10;2016-11-02 14:28:18 
8;9;6;10;10;6;2016-11-02 19:03:43 
4;4;8;8;5;10;2016-11-02 19:04:27 
8;8;9;9;10;4;2016-11-02 19:09:25 
9;9;4;4;7;10;2016-11-02 19:15:35 
27;7;3;21;3;10;2016-11-03 08:52:07 
3;27;21;7;3;10;2016-11-03 08:57:47 
27;10;8;9;8;10;2016-11-03 10:49:42 
9;8;10;27;10;3;2016-11-03 10:57:19 
6;21;9;3;9;10;2016-11-03 12:52:44 
9;6;3;21;5;10;2016-11-03 12:59:40 
6;21;9;3;5;10;2016-11-03 13:07:23 
8;21;7;3;10;7;2016-11-03 14:51:32 
3;7;8;21;10;9;2016-11-03 15:03:40 
8;27;11;10;10;5;2016-11-03 16:26:13 
10;27;8;11;6;10;2016-11-03 16:37:51 
23;8;9;10;10;7;2016-11-04 10:45:58 
23;10;9;8;10;8;2016-11-04 10:54:52 
22;3;21;7;5;10;2016-11-04 14:35:06 
3;22;7;21;10;4;2016-11-04 16:06:42 
3;22;21;7;8;10;2016-11-04 16:19:30 
10;9;4;3;10;9;2016-11-04 16:31:20 
10;4;9;3;10;4;2016-11-04 16:40:48 
4;3;9;10;3;10;2016-11-04 16:45:53 
4;10;11;8;9;10;2016-11-04 17:17:24 
10;4;11;8;10;8;2016-11-04 17:25:20 
7;24;9;21;4;10;2016-11-07 08:55:16 
6;27;21;7;7;10;2016-11-07 14:29:07 
5;11;8;26;7;10;2016-11-07 17:29:04 
5;8;26;11;10;8;2016-11-07 17:42:44 
27;8;10;11;8;10;2016-11-08 12:48:10 
3;7;8;21;10;9;2016-11-08 13:46:56 
21;10;3;7;10;8;2016-11-08 13:57:03 
8;22;11;3;10;4;2016-11-08 18:26:10 
3;11;8;22;10;8;2016-11-08 18:38:34 
3;11;22;8;10;8;2016-11-08 18:56:31 
3;22;24;7;10;6;2016-11-09 08:51:22 
24;3;22;7;5;10;2016-11-09 09:01:35 
9;8;27;10;10;5;2016-11-09 10:42:42 
8;27;9;10;7;10;2016-11-09 10:54:04 
27;8;3;7;10;5;2016-11-09 11:54:56 
27;8;3;7;6;10;2016-11-09 12:00:03 
3;21;8;27;10;7;2016-11-09 14:57:33 
8;27;3;21;10;8;2016-11-09 15:06:38 
27;8;3;21;4;10;2016-11-09 15:10:53 
8;26;9;4;3;10;2016-11-09 16:47:09 
4;9;8;26;10;7;2016-11-09 16:54:50 
23;7;3;21;10;4;2016-11-10 08:56:24 
7;23;3;21;10;7;2016-11-10 09:30:37 
21;3;7;23;10;6;2016-11-10 09:31:22 
27;10;9;8;4;10;2016-11-10 10:44:43 
10;9;8;27;10;9;2016-11-10 10:53:38 
6;7;3;21;5;10;2016-11-10 13:03:13 
9;6;8;27;10;7;2016-11-10 16:25:29 
3;9;6;8;7;10;2016-11-10 16:36:39 
7;15;10;27;6;10;2016-11-14 08:40:32 
7;15;27;10;9;10;2016-11-14 08:50:57 
27;10;23;6;10;3;2016-11-14 11:51:26 
27;8;6;15;10;8;2016-11-14 14:08:29 
8;11;6;27;10;2;2016-11-14 15:50:05 
6;8;27;10;10;4;2016-11-14 17:06:12 
11;8;6;9;2;10;2016-11-14 18:16:38 
8;11;6;9;10;2;2016-11-14 18:24:06 
15;8;7;10;10;4;2016-11-15 08:52:41 
7;8;10;15;10;6;2016-11-15 08:59:45 
15;27;10;12;10;6;2016-11-15 09:23:56 
8;11;9;10;6;10;2016-11-15 11:29:05 
7;23;21;15;10;9;2016-11-15 12:19:38 
23;7;15;21;10;4;2016-11-15 12:29:52 
15;10;8;9;8;10;2016-11-15 16:08:29 
10;9;15;8;5;10;2016-11-15 16:16:00 
8;26;11;22;6;10;2016-11-15 19:38:14 
8;7;15;10;10;9;2016-11-16 08:59:24 
23;7;6;15;8;10;2016-11-16 11:41:35 
23;7;6;15;7;10;2016-11-16 11:53:42 
27;8;9;4;9;10;2016-11-16 12:29:45 
9;4;27;8;10;8;2016-11-16 12:37:31 
8;7;21;6;10;6;2016-11-16 13:31:08 
6;21;7;8;7;10;2016-11-16 13:43:09 
10;15;9;4;10;7;2016-11-16 15:22:58 
15;4;9;10;9;10;2016-11-16 15:33:30 
4;7;8;11;5;10;2016-11-16 16:14:05 
4;7;8;11;10;7;2016-11-16 16:21:52 
27;7;21;10;8;10;2016-11-17 08:45:57 
27;21;7;10;2;10;2016-11-17 08:49:53 
27;10;7;21;10;7;2016-11-17 08:55:46 
4;7;9;15;10;9;2016-11-17 11:15:36 
15;9;7;4;10;9;2016-11-17 11:23:20 
7;21;27;10;10;6;2016-11-17 14:22:00 
21;10;27;7;10;8;2016-11-17 14:28:47 
10;15;9;6;10;3;2016-11-17 14:36:58 
6;15;10;9;6;10;2016-11-17 14:48:23 
15;9;6;10;4;10;2016-11-17 15:02:12 
6;15;26;4;10;8;2016-11-17 17:43:17 
15;4;6;26;10;4;2016-11-17 18:05:04 
6;4;15;26;10;8;2016-11-17 18:05:44 
7;22;15;11;5;10;2016-11-18 14:25:38 
7;22;15;11;10;7;2016-11-18 14:33:51 
7;3;10;22;10;7;2016-11-21 09:35:49 
3;10;15;8;10;8;2016-11-21 11:24:59 
21;10;3;9;10;9;2016-11-21 13:01:49 
7;15;8;3;7;10;2016-11-21 13:30:16 
3;7;8;15;6;10;2016-11-21 13:40:37 
8;26;11;15;10;8;2016-11-21 16:54:58 
8;11;15;9;10;3;2016-11-21 18:16:50 
15;9;8;11;10;8;2016-11-21 18:23:59 
11;8;9;15;10;8;2016-11-21 18:31:22 
27;8;15;10;10;7;2016-11-22 09:26:56 
8;27;15;10;10;8;2016-11-22 09:38:39 
9;21;3;7;10;9;2016-11-22 10:20:16 
7;3;21;9;10;4;2016-11-22 10:30:13 
10;3;8;9;10;8;2016-11-22 12:40:21 
8;15;7;9;10;5;2016-11-22 13:48:54 
9;7;8;15;8;10;2016-11-22 13:59:21 
3;21;11;8;5;10;2016-11-22 16:13:44 
8;11;21;3;10;4;2016-11-22 16:22:08 
22;7;3;24;10;2;2016-11-23 09:42:40 
3;22;24;7;10;6;2016-11-23 09:52:44 
24;8;3;21;8;10;2016-11-23 13:08:24 
15;11;22;7;9;10;2016-11-23 14:32:08 
15;11;9;22;6;10;2016-11-23 14:46:06 
4;9;8;26;10;7;2016-11-23 16:05:29 
9;4;26;8;10;3;2016-11-23 16:10:49 
4;9;8;26;10;9;2016-11-23 16:22:12 
3;4;8;21;8;10;2016-11-23 17:09:12 
8;4;3;21;8;10;2016-11-23 17:15:47 
8;21;3;4;9;10;2016-11-23 17:24:52 
11;15;4;26;10;8;2016-11-23 18:22:31 
4;26;11;15;2;10;2016-11-23 18:23:17 
11;15;4;26;10;5;2016-11-23 18:23:50 
11;8;4;9;10;9;2016-11-23 19:46:04 
9;4;11;8;10;8;2016-11-23 19:46:53 
15;3;7;9;10;8;2016-11-24 10:31:37 
9;7;3;15;3;10;2016-11-24 10:39:46 
8;26;27;23;10;4;2016-11-24 12:14:44 
8;26;23;27;4;10;2016-11-24 12:22:56 
10;9;15;7;10;6;2016-11-24 12:48:23 
15;9;7;10;7;10;2016-11-24 13:00:25 
9;27;11;15;3;10;2016-11-24 13:34:40 
9;11;15;27;6;10;2016-11-24 13:43:46 
9;11;10;8;8;10;2016-11-24 17:15:35 
8;11;9;10;10;9;2016-11-24 17:27:45 
10;11;8;9;10;6;2016-11-24 17:35:49 
15;22;21;7;8;10;2016-11-25 09:55:06 
22;15;7;21;5;10;2016-11-25 10:02:48 
11;10;9;15;6;10;2016-11-25 11:13:07 
10;11;9;15;6;10;2016-11-25 11:23:22 
3;11;21;7;10;9;2016-11-25 13:20:22 
21;15;7;3;6;10;2016-11-25 13:28:54 
26;10;8;27;9;10;2016-11-25 15:02:57 
8;27;4;26;10;3;2016-11-25 17:25:38 
4;11;27;8;5;10;2016-11-25 17:31:41 
4;8;3;26;10;7;2016-11-25 17:38:31 
3;27;8;11;6;10;2016-11-25 17:46:53 
11;4;3;26;10;4;2016-11-25 17:53:16 
8;26;11;3;10;6;2016-11-25 18:04:32 
4;9;3;11;5;10;2016-11-25 18:15:07 
8;27;23;10;10;8;2016-11-28 10:36:14 
9;11;6;15;4;10;2016-11-28 14:24:38 
27;21;9;26;10;5;2016-11-28 14:31:18 
10;27;8;6;9;10;2016-11-28 16:26:12 
6;10;8;27;10;1;2016-11-28 16:32:55 
27;8;6;10;10;9;2016-11-28 16:41:16 
3;9;6;10;5;10;2016-11-28 17:29:56 
9;10;3;6;10;7;2016-11-28 17:41:24 
6;3;10;8;10;4;2016-11-28 17:54:17 
8;26;6;11;9;10;2016-11-28 18:35:23 
26;8;6;11;1;10;2016-11-28 18:35:46 
15;10;8;27;8;10;2016-11-29 09:00:12 
3;15;21;7;10;5;2016-11-29 10:39:46 
15;7;21;3;10;7;2016-11-29 10:48:46 
9;3;10;8;10;9;2016-11-29 13:19:18 
3;21;10;7;8;10;2016-11-29 13:41:13 
7;3;10;21;10;7;2016-11-29 15:07:50 
10;26;3;8;3;10;2016-11-29 14:16:02 
3;26;10;8;1;10;2016-11-29 14:23:57 
8;26;10;3;10;9;2016-11-29 14:32:02 
11;7;21;27;10;2;2016-11-29 14:59:40 
7;21;11;27;10;2;2016-11-29 15:05:41 
3;10;8;21;7;10;2016-11-29 16:40:48 
10;3;8;21;7;10;2016-11-29 16:47:22 
8;21;10;3;7;10;2016-11-29 16:55:26 
8;21;7;23;10;5;2016-11-30 10:08:20 
23;7;3;21;3;10;2016-11-30 10:17:54 
7;21;23;3;7;10;2016-11-30 10:25:16 
8;9;21;3;10;9;2016-11-30 12:46:36 
9;8;3;21;9;10;2016-11-30 12:58:04 
15;23;6;7;4;10;2016-11-30 13:10:23 
7;15;6;23;8;10;2016-11-30 13:20:40 
15;11;4;21;7;10;2016-11-30 13:53:11 
15;11;4;21;10;6;2016-11-30 13:58:40 
9;15;4;11;10;4;2016-11-30 16:16:15 
11;9;4;15;10;6;2016-11-30 16:21:53 
9;15;11;8;4;10;2016-11-30 16:32:23 
15;9;8;11;8;10;2016-11-30 16:46:23 
15;7;8;21;10;8;2016-11-30 17:27:40 
15;8;21;7;8;10;2016-11-30 17:28:00 
8;4;3;7;9;10;2016-12-01 10:00:35 
26;8;27;4;10;5;2016-12-01 12:41:14 
27;4;8;26;6;10;2016-12-01 12:52:45 
3;15;7;9;10;8;2016-12-01 14:53:57 
9;7;3;15;10;8;2016-12-01 15:04:14 
8;4;6;9;10;5;2016-12-01 16:26:54 
6;9;8;4;10;9;2016-12-01 16:41:56 
29;10;21;11;10;4;2016-12-01 16:54:32 
29;11;10;21;9;10;2016-12-01 17:02:20 
3;10;8;11;10;4;2016-12-01 18:19:26 
10;15;29;8;7;10;2016-12-02 11:33:44 
8;15;29;10;10;4;2016-12-02 11:43:59 
9;4;27;8;9;10;2016-12-02 12:41:30 
10;21;7;3;8;10;2016-12-02 13:08:13 
10;7;21;3;10;8;2016-12-02 13:15:50 
9;15;11;29;8;10;2016-12-02 17:22:45 
15;29;9;8;4;10;2016-12-02 17:31:46 
8;15;29;11;10;6;2016-12-02 17:43:54 
21;10;7;3;5;10;2016-12-05 10:02:34 
7;21;10;3;7;10;2016-12-05 10:12:29 
6;26;8;12;10;6;2016-12-05 13:36:34 
5;11;15;27;9;10;2016-12-05 13:51:35 
27;15;11;5;10;7;2016-12-05 13:51:59 
6;15;8;21;10;2;2016-12-05 15:01:24 
21;8;15;6;7;10;2016-12-05 15:08:01 
26;3;7;8;2;10;2016-12-05 17:02:02 
3;7;8;26;10;6;2016-12-05 17:11:37 
3;8;7;26;10;5;2016-12-05 17:19:16 
9;10;27;15;7;10;2016-12-06 08:36:56 
8;27;10;15;10;6;2016-12-06 08:46:01 
8;27;15;10;9;10;2016-12-06 08:59:05 
7;8;9;3;10;8;2016-12-06 11:01:26 
7;3;9;8;2;10;2016-12-06 11:09:02 
22;7;3;21;10;7;2016-12-06 12:52:27 
7;21;3;22;6;10;2016-12-06 14:00:15 
21;3;9;7;6;10;2016-12-06 14:13:46 
21;3;7;9;8;10;2016-12-06 14:22:28 
11;10;15;27;10;3;2016-12-06 14:33:54 
10;11;27;15;10;4;2016-12-06 14:40:49 
26;8;3;7;6;10;2016-12-06 15:22:21 
7;26;3;8;5;10;2016-12-06 15:28:04 
26;3;8;7;7;10;2016-12-06 15:38:16 
9;3;11;8;8;10;2016-12-06 18:06:51 
11;8;3;9;6;10;2016-12-06 18:17:55 
15;9;6;21;7;10;2016-12-07 11:02:49 
6;21;9;15;9;10;2016-12-07 11:16:54 
3;4;27;8;6;10;2016-12-07 12:42:41 
7;21;3;27;10;8;2016-12-07 12:55:01 
21;3;7;27;10;6;2016-12-07 13:05:16 
15;11;5;3;9;10;2016-12-07 13:40:48 
21;8;3;10;10;6;2016-12-07 15:52:13 
3;10;21;8;3;10;2016-12-07 15:58:52 
3;10;6;21;10;9;2016-12-07 16:13:17 
3;10;6;21;10;8;2016-12-07 16:23:52 
9;3;8;11;8;10;2016-12-07 17:41:57 
10;7;15;8;3;10;2016-12-08 09:21:51 
9;7;10;15;7;10;2016-12-08 09:33:27 
15;10;7;9;10;5;2016-12-08 09:40:52 
3;7;21;10;9;10;2016-12-08 11:06:10 
21;3;7;10;10;4;2016-12-08 11:13:18 
27;11;8;5;9;10;2016-12-08 13:15:27 
21;8;3;9;10;3;2016-12-08 14:02:06 
9;3;21;15;10;3;2016-12-08 14:09:17 
21;3;15;9;10;9;2016-12-08 14:23:13 
11;4;6;27;10;9;2016-12-08 14:47:34 
11;4;6;27;10;9;2016-12-08 14:58:32 
10;3;8;15;7;10;2016-12-08 15:53:26 
3;27;10;4;4;10;2016-12-08 16:04:29 
10;27;3;4;10;6;2016-12-08 16:13:05 
10;27;15;3;10;8;2016-12-09 09:26:39 
27;10;15;3;6;10;2016-12-09 09:37:33 
9;27;26;15;10;7;2016-12-09 12:25:24 
15;26;27;9;3;10;2016-12-09 12:25:59 
21;3;15;9;10;4;2016-12-09 12:49:39 
3;21;9;15;10;9;2016-12-09 13:00:12 
21;11;3;15;4;10;2016-12-09 13:24:38 
3;21;15;11;10;1;2016-12-09 13:33:49 
4;27;9;26;4;10;2016-12-09 15:07:53 
26;9;27;4;10;8;2016-12-09 15:14:57 
4;27;9;26;7;10;2016-12-09 15:24:10 
10;26;4;27;10;9;2016-12-09 17:11:47 
26;27;10;4;2;10;2016-12-09 17:17:24 
26;9;4;27;8;10;2016-12-09 17:26:07 
6;27;8;26;10;8;2016-12-12 12:12:10 
27;6;8;26;4;10;2016-12-12 14:54:46 
6;27;8;26;10;6;2016-12-12 15:03:14 
21;8;3;9;10;8;2016-12-12 15:45:06 
21;8;9;3;7;10;2016-12-12 15:55:11 
10;3;8;11;9;10;2016-12-13 10:04:02 
21;7;27;9;10;8;2016-12-13 11:24:12 
7;21;9;27;10;8;2016-12-13 11:33:21 
26;8;7;3;10;7;2016-12-13 13:54:31 
7;26;8;3;2;10;2016-12-13 13:59:13 
26;3;8;7;8;10;2016-12-13 14:11:29 
8;26;11;27;10;5;2016-12-13 17:10:55 
11;27;26;8;9;10;2016-12-13 17:11:29 
21;9;22;3;10;4;2016-12-13 17:43:26 
9;21;3;22;10;9;2016-12-13 17:43:43 
21;9;3;22;10;4;2016-12-13 17:53:21 
10;15;3;7;5;10;2016-12-14 11:08:48 
7;3;10;15;7;10;2016-12-14 11:21:52 
3;7;10;15;5;3;2016-12-14 11:24:03 
6;4;8;27;9;10;2016-12-14 15:48:26 
3;11;4;21;10;8;2016-12-14 15:58:49 
11;3;21;4;5;10;2016-12-14 16:08:57 
27;4;8;26;10;8;2016-12-14 16:43:00 
8;26;27;4;9;10;2016-12-14 16:43:23 
3;4;26;8;10;9;2016-12-14 18:10:24 
3;4;26;8;7;10;2016-12-14 18:19:54 
26;8;3;4;9;10;2016-12-14 18:34:19 
21;3;8;7;3;10;2016-12-15 10:02:48 
21;8;3;7;10;9;2016-12-15 10:11:48 
3;7;21;15;10;8;2016-12-15 10:25:52 
15;21;3;7;0;10;2016-12-15 10:29:22 
15;3;27;8;7;10;2016-12-15 13:03:24 
27;11;3;15;2;10;2016-12-15 13:10:54 
3;15;11;10;9;10;2016-12-15 13:27:15 
24;3;4;26;8;10;2016-12-15 13:56:01 
8;26;27;4;9;10;2016-12-15 15:55:31 
4;27;26;8;10;8;2016-12-15 15:56:31 
8;15;3;4;10;6;2016-12-15 18:50:26 
3;4;15;8;6;10;2016-12-15 18:57:49 
8;5;11;4;6;10;2016-12-15 19:44:22 
8;5;4;11;8;10;2016-12-15 19:44:44 
8;5;11;4;10;7;2016-12-15 19:44:56 
9;24;3;7;1;10;2016-12-16 11:38:40 
24;3;7;9;6;10;2016-12-16 11:49:49 
27;4;26;8;10;6;2016-12-16 12:22:32 
22;8;3;4;6;10;2016-12-16 14:11:51 
22;3;4;26;10;2;2016-12-16 14:18:02 
22;4;3;26;3;10;2016-12-16 14:25:54 
11;21;22;7;7;10;2016-12-16 14:39:09 
11;21;22;7;4;10;2016-12-16 14:45:10 
3;9;4;8;8;10;2016-12-16 17:08:47 
4;8;9;3;9;10;2016-12-16 17:20:11 
3;26;9;4;4;10;2016-12-16 17:32:55 
8;22;3;7;10;6;2016-12-16 17:52:25 
3;7;8;22;10;4;2016-12-16 18:03:03 
4;3;8;26;10;5;2016-12-16 19:01:56 
26;8;3;4;4;10;2016-12-16 19:09:39 
3;4;26;8;9;10;2016-12-16 19:20:23 
3;9;7;21;10;6;2016-12-19 09:40:39 
21;7;9;3;10;8;2016-12-19 09:49:49 
6;4;15;8;10;3;2016-12-19 12:54:58 
6;4;8;15;4;10;2016-12-19 13:03:28 
6;4;8;15;9;10;2016-12-19 13:20:31 
9;4;21;3;10;8;2016-12-19 14:02:25 
3;21;9;4;10;8;2016-12-19 14:08:11 
3;21;4;7;9;10;2016-12-19 14:20:14 
3;21;7;4;10;8;2016-12-19 14:29:10 
3;4;7;21;10;9;2016-12-19 14:54:53 
8;26;4;27;10;5;2016-12-19 16:31:05 
3;26;4;27;10;8;2016-12-19 16:41:58 
9;8;10;15;8;10;2016-12-20 09:28:44 
15;10;8;9;8;10;2016-12-20 09:38:37 
7;10;3;15;10;8;2016-12-20 10:42:04 
3;10;7;15;10;7;2016-12-20 10:51:40 
3;7;15;6;8;10;2016-12-20 11:04:11 
7;3;6;15;9;10;2016-12-20 11:16:49 
3;9;21;8;10;9;2016-12-20 12:58:22 
21;8;9;3;10;9;2016-12-20 13:09:49 
23;9;3;21;10;6;2016-12-20 16:05:38 
3;21;23;9;10;9;2016-12-20 16:16:55 
21;23;26;3;10;9;2016-12-20 16:31:44 
8;21;23;3;10;9;2016-12-20 16:45:49 
23;21;8;26;10;9;2016-12-20 16:57:00 
22;3;7;21;10;4;2016-12-21 11:40:01 
15;7;21;3;10;4;2016-12-21 11:51:01 
21;3;15;7;8;10;2016-12-21 12:11:17 
4;10;9;26;10;5;2016-12-21 12:46:00 
9;4;10;26;9;10;2016-12-21 12:57:32 
4;9;10;26;10;4;2016-12-21 13:05:16 
3;7;15;4;5;10;2016-12-21 13:49:36 
4;15;3;7;4;10;2016-12-21 13:50:06 
4;15;3;7;5;10;2016-12-21 13:50:20 
10;26;15;4;10;6;2016-12-21 15:26:42 
9;21;3;11;7;10;2016-12-21 15:40:54 
21;22;11;9;10;8;2016-12-21 15:50:00 
21;22;3;11;4;10;2016-12-21 16:02:56 
9;9;4;4;9;10;2016-12-21 19:21:12 
3;9;7;15;9;10;2016-12-22 09:48:06 
15;7;9;3;10;9;2016-12-22 09:48:50 
21;7;15;3;6;10;2016-12-22 10:43:47 
3;15;21;7;9;10;2016-12-22 10:52:09 
27;4;6;26;10;8;2016-12-22 14:08:24 
6;26;4;27;10;4;2016-12-22 14:08:51 
27;4;6;26;6;10;2016-12-22 14:09:14 
27;4;26;6;8;10;2016-12-22 14:16:21 
9;15;7;3;5;10;2016-12-22 14:38:52 
9;15;3;7;6;10;2016-12-22 14:39:08 
22;15;3;21;5;10;2016-12-23 09:52:31 
21;3;15;22;10;5;2016-12-23 10:03:02 
21;15;22;3;5;10;2016-12-23 10:12:52 
22;3;15;21;5;10;2016-12-23 13:06:13 
4;27;26;15;10;5;2016-12-23 14:28:56 
27;4;15;26;10;8;2016-12-23 14:29:51 
27;4;3;26;3;10;2016-12-23 15:15:30 
3;26;4;27;10;6;2016-12-23 15:23:55 
15;27;8;26;10;4;2016-12-27 11:45:35 
26;8;27;15;10;8;2016-12-27 11:50:40 
8;26;15;27;10;9;2016-12-27 12:00:08 
27;15;8;26;10;5;2016-12-27 14:33:54 
27;15;8;26;10;8;2016-12-27 14:46:52 
26;8;15;27;10;8;2016-12-27 14:47:24 
27;15;8;26;10;6;2016-12-27 15:17:59 
26;8;15;27;10;3;2016-12-27 15:18:22 
11;27;15;5;10;7;2016-12-28 10:41:31 
27;11;5;15;8;10;2016-12-28 10:41:54 
11;27;15;5;10;7;2016-12-28 10:50:37 
27;11;15;5;9;10;2016-12-28 12:54:40 
11;27;5;15;10;8;2016-12-28 12:55:08 
3;5;15;22;7;10;2016-12-28 14:28:37 
15;22;3;5;8;10;2016-12-28 14:29:00 
22;15;3;5;8;10;2016-12-28 14:29:31 
5;11;27;15;2;10;2016-12-28 16:04:53 
15;27;5;11;10;6;2016-12-28 16:05:17 
27;27;15;15;10;8;2016-12-29 09:24:37 
15;15;27;27;10;9;2016-12-29 09:24:51 
11;3;15;27;10;3;2016-12-29 11:59:20 
3;11;15;27;10;5;2016-12-29 12:07:48 
27;11;15;22;10;5;2016-12-30 11:41:53 
22;15;11;27;10;8;2016-12-30 11:42:26 
15;22;27;11;8;10;2016-12-30 11:42:48 
15;15;27;27;10;9;2016-12-30 13:31:39 
27;27;15;15;5;10;2016-12-30 13:31:59 
3;7;8;22;10;8;2017-01-02 11:10:41 
8;22;3;7;8;10;2017-01-02 11:18:18 
7;3;8;15;10;8;2017-01-02 14:44:55 
6;15;8;3;9;10;2017-01-02 14:56:32 
6;26;27;8;10;7;2017-01-03 10:40:42 
6;21;8;3;10;4;2017-01-03 11:12:25 
3;8;6;21;10;4;2017-01-03 11:19:40 
6;21;8;3;7;10;2017-01-03 11:31:42 
15;9;7;22;5;10;2017-01-03 12:26:16 
22;7;9;15;3;10;2017-01-03 12:41:58 
15;9;7;22;7;10;2017-01-03 12:42:32 
15;21;9;3;10;9;2017-01-03 15:40:12 
3;9;21;15;10;6;2017-01-03 15:48:43 
15;21;9;3;7;10;2017-01-03 15:56:42 
6;27;8;3;6;10;2017-01-03 16:30:03 
3;27;6;8;5;10;2017-01-03 16:40:05 
8;27;3;6;9;10;2017-01-03 16:58:08 
26;3;15;8;6;10;2017-01-03 18:10:55 
26;8;3;15;8;10;2017-01-03 18:24:46 
8;27;9;15;5;10;2017-01-04 09:44:14 
15;9;8;27;10;8;2017-01-04 09:58:01 
15;11;3;9;5;10;2017-01-04 12:31:35 
8;15;3;27;10;6;2017-01-04 14:14:34 
3;27;7;15;2;10;2017-01-05 09:08:53 
15;7;3;27;10;4;2017-01-05 09:14:35 
6;15;21;7;10;4;2017-01-05 10:37:18 
6;15;7;21;10;9;2017-01-05 10:47:26 
6;27;26;8;8;9;2017-01-05 11:03:56 
3;2;6;8;2;10;2017-01-05 12:05:57 
6;2;8;3;9;10;2017-01-05 12:17:14 
6;3;8;2;10;8;2017-01-05 12:30:16 
21;15;22;7;5;10;2017-01-05 13:53:37 
7;22;21;15;3;10;2017-01-05 13:53:58 
7;22;15;21;4;10;2017-01-05 13:57:03 
26;8;27;21;10;4;2017-01-05 16:18:53 
8;26;27;21;10;7;2017-01-05 16:28:14 
26;15;27;8;7;10;2017-01-05 16:33:26 
27;8;26;15;10;6;2017-01-05 16:45:07 
6;26;27;8;7;10;2017-01-09 13:21:10 
26;8;27;6;6;10;2017-01-09 15:17:29 
8;3;15;10;10;8;2017-01-09 16:00:06 
8;3;10;15;7;10;2017-01-09 16:09:37 
7;21;9;15;8;10;2017-01-10 09:57:55 
9;15;21;7;10;7;2017-01-10 10:04:07 
22;6;7;15;4;10;2017-01-10 12:25:53 
15;7;22;6;10;5;2017-01-10 12:37:01 
8;3;6;15;10;9;2017-01-10 13:56:00 
21;8;9;15;10;9;2017-01-10 17:11:42 
27;15;7;10;7;10;2017-01-11 09:20:50 
15;11;10;5;3;10;2017-01-11 10:21:37 
6;27;3;4;6;10;2017-01-11 13:00:46 
4;7;27;6;10;6;2017-01-11 14:57:45 
6;27;4;7;10;9;2017-01-11 14:58:18 
26;3;15;7;5;10;2017-01-11 14:59:11 
26;3;7;15;5;10;2017-01-11 14:59:20 
21;27;15;11;10;8;2017-01-11 16:37:44 
27;21;11;15;6;10;2017-01-11 16:44:39 
3;4;10;15;1;5;2017-01-11 17:12:49 
4;15;3;26;5;10;2017-01-11 17:21:46 
15;4;3;26;10;5;2017-01-11 17:29:38 
4;27;26;15;10;3;2017-01-12 11:31:13 
27;15;26;4;6;10;2017-01-12 11:45:03 
26;4;15;27;6;10;2017-01-12 11:45:16 
21;7;3;27;10;8;2017-01-12 12:22:14 
27;3;7;21;2;10;2017-01-12 12:22:42 
3;21;4;6;6;10;2017-01-12 14:34:57 
21;3;6;4;10;4;2017-01-12 14:35:17 
5;7;4;11;7;10;2017-01-12 16:22:47 
11;4;7;5;10;7;2017-01-12 16:23:22 
11;4;6;26;10;7;2017-01-12 17:21:48 
11;4;6;26;6;10;2017-01-12 17:22:07 
7;11;3;22;8;10;2017-01-13 13:06:21 
4;26;15;27;8;10;2017-01-13 13:43:49 
27;15;26;4;10;6;2017-01-13 13:44:14 
4;26;15;27;9;10;2017-01-13 13:44:44 
4;26;15;27;8;10;2017-01-13 16:06:13 
27;15;4;26;10;4;2017-01-13 16:06:35 
26;4;15;27;9;10;2017-01-13 16:06:59 
15;9;10;27;6;10;2017-01-17 09:10:53 
10;27;9;15;10;9;2017-01-17 09:20:48 
3;21;7;15;10;8;2017-01-17 12:07:06 
7;15;21;3;9;10;2017-01-17 12:07:15 
15;26;9;7;3;10;2017-01-18 11:45:31 
9;15;26;7;10;6;2017-01-18 11:53:35 
4;11;10;8;5;10;2017-01-18 15:47:56 
8;11;10;4;10;7;2017-01-18 15:59:56 
3;8;10;4;10;9;2017-01-19 13:21:18 
3;8;10;4;10;7;2017-01-19 13:30:24 
27;6;8;15;7;10;2017-01-19 17:01:24 
6;15;8;27;10;7;2017-01-19 17:13:16 
8;27;6;15;7;10;2017-01-19 17:13:36 